bweforvideo-googAvailableReceiveBandwidth,0.0,0.0,0.0,0.0,0.0,0.0,0.0,0.0,0.0,0.0,0.0,0.0,0.0,0.0,0.0,0.0,0.0,0.0,0.0,0.0,0.0,0.0,0.0,0.0,0.0,0.0,0.0,0.0,0.0,0.0,0.0,0.0,0.0,0.0,0.0,0.0,0.0,0.0,0.0,0.0,0.0,0.0,0.0,0.0,0.0,0.0,0.0,0.0,0.0,0.0,0.0,0.0,0.0,0.0,0.0,0.0,0.0,0.0,0.0,0.0,0.0,0.0,0.0,0.0,0.0,0.0,0.0,0.0,0.0,0.0,0.0,0.0,0.0,0.0,0.0,0.0,0.0,0.0,0.0,0.0,0.0,0.0,0.0,0.0,0.0,0.0,0.0,0.0,0.0,0.0,0.0,0.0,0.0,0.0
bweforvideo-googAvailableSendBandwidth,528623.0,528623.0,528623.0,528623.0,528623.0,528623.0,528623.0,528623.0,528623.0,528623.0,528623.0,528623.0,528623.0,528623.0,528623.0,528623.0,528623.0,528623.0,528623.0,528623.0,528623.0,528623.0,528623.0,528623.0,528623.0,528623.0,528623.0,528623.0,528623.0,528623.0,528623.0,528623.0,528623.0,528623.0,528623.0,528623.0,528623.0,528623.0,528623.0,528623.0,528623.0,528623.0,528623.0,528623.0,528623.0,528623.0,528623.0,528623.0,528623.0,528623.0,528623.0,528623.0,528623.0,528623.0,528623.0,528623.0,528623.0,528623.0,528623.0,528623.0,528623.0,528623.0,528623.0,528623.0,528623.0,528623.0,528623.0,528623.0,528623.0,528623.0,528623.0,528623.0,528623.0,528623.0,528623.0,528623.0,528623.0,528623.0,528623.0,528623.0,528623.0,528623.0,528623.0,528623.0,528623.0,528623.0,528623.0,528623.0,528623.0,528623.0,528623.0,528623.0,528623.0,528623.0
bweforvideo-googBucketDelay,0.0,0.0,0.0,0.0,0.0,0.0,0.0,0.0,0.0,0.0,0.0,0.0,0.0,0.0,0.0,0.0,0.0,0.0,0.0,0.0,0.0,0.0,0.0,0.0,0.0,0.0,0.0,0.0,0.0,0.0,0.0,0.0,0.0,0.0,0.0,0.0,3.0,0.0,0.0,0.0,0.0,0.0,0.0,0.0,0.0,0.0,0.0,0.0,0.0,0.0,0.0,0.0,0.0,0.0,0.0,0.0,0.0,0.0,0.0,0.0,0.0,0.0,0.0,0.0,0.0,0.0,0.0,2.0,1.0,0.0,0.0,0.0,0.0,1.0,1.0,0.0,0.0,0.0,0.0,0.0,0.0,0.0,0.0,0.0,0.0,0.0,0.0,0.0,0.0,0.0,0.0,1.0,0.0,1.0
timestamp,1620349935,1620349936,1620349937,1620349938,1620349939,1620349940,1620349941,1620349942,1620349943,1620349944,1620349945,1620349946,1620349947,1620349948,1620349949,1620349950,1620349951,1620349952,1620349953,1620349954,1620349955,1620349956,1620349957,1620349958,1620349959,1620349960,1620349961,1620349962,1620349963,1620349964,1620349965,1620349966,1620349967,1620349968,1620349969,1620349970,1620349971,1620349972,1620349973,1620349974,1620349975,1620349976,1620349977,1620349978,1620349979,1620349980,1620349981,1620349982,1620349983,1620349984,1620349985,1620349986,1620349987,1620349988,1620349989,1620349990,1620349991,1620349992,1620349993,1620349994,1620349995,1620349996,1620349997,1620349998,1620349999,1620350000,1620350001,1620350002,1620350003,1620350004,1620350005,1620350006,1620350007,1620350008,1620350009,1620350010,1620350011,1620350012,1620350013,1620350014,1620350015,1620350016,1620350017,1620350018,1620350019,1620350020,1620350021,1620350022,1620350023,1620350024,1620350025,1620350026,1620350027,1620350028
audio_bitsReceivedPerSecond,26768.0,380560.0,462648.0,456392.0,362176.0,313744.0,304976.0,332328.0,341632.0,330936.0,324344.0,354800.0,318136.0,343208.0,346032.0,380264.0,376672.0,390368.0,385952.0,355264.0,399352.0,428536.0,427656.0,426832.0,447168.0,435984.0,449848.0,482384.0,475088.0,439864.0,410128.0,426288.0,419320.0,399432.0,439976.0,404408.0,433288.0,417872.0,428096.0,442432.0,444104.0,466608.0,424528.0,449616.0,437216.0,454240.0,435792.0,490584.0,486024.0,351976.0,371592.0,356000.0,324504.0,344560.0,289304.0,337728.0,284832.0,298720.0,323768.0,314112.0,321160.0,349632.0,362200.0,376408.0,338968.0,331960.0,263056.0,293352.0,294920.0,291816.0,291608.0,324952.0,301320.0,329584.0,309064.0,331640.0,294488.0,287400.0,248776.0,254448.0,254920.0,267864.0,286144.0,321192.0,328808.0,372128.0,361368.0,378880.0,421416.0,440512.0,468168.0,467904.0,454072.0,456560.0
audio_bitsSentPerSecond,260824.0,230464.0,252112.0,250736.0,249720.0,253016.0,271400.0,237000.0,246832.0,262920.0,250888.0,281432.0,258168.0,259920.0,275160.0,269648.0,289320.0,260384.0,268408.0,293632.0,271664.0,297840.0,267632.0,250816.0,266640.0,269272.0,295240.0,245824.0,258416.0,269160.0,247888.0,300392.0,277552.0,258584.0,258552.0,269344.0,275000.0,245784.0,253720.0,279936.0,256584.0,279424.0,262864.0,256528.0,257688.0,261896.0,271448.0,245016.0,254072.0,265144.0,253000.0,267616.0,263344.0,251736.0,256224.0,265288.0,271256.0,243312.0,252144.0,266904.0,251608.0,274680.0,260688.0,248480.0,251928.0,272216.0,270800.0,251520.0,256912.0,266168.0,262664.0,277176.0,268312.0,254232.0,258368.0,275472.0,270360.0,257688.0,253792.0,274216.0,260528.0,275376.0,266208.0,248112.0,252472.0,272104.0,264464.0,254496.0,255832.0,260640.0,257000.0,266976.0,258120.0,250344.0
audio_packetsSentPerSecond,124.0,132.0,138.0,137.0,136.0,136.0,135.0,135.0,137.0,135.0,140.0,137.0,137.0,137.0,135.0,135.0,139.0,137.0,135.0,137.0,138.0,139.0,135.0,136.0,137.0,138.0,139.0,136.0,133.0,139.0,135.0,137.0,139.0,136.0,136.0,137.0,135.0,136.0,138.0,137.0,136.0,136.0,138.0,137.0,137.0,137.0,138.0,136.0,136.0,134.0,137.0,136.0,141.0,134.0,135.0,138.0,135.0,138.0,135.0,135.0,137.0,138.0,138.0,132.0,135.0,140.0,135.0,135.0,137.0,135.0,134.0,139.0,138.0,137.0,138.0,137.0,137.0,136.0,134.0,135.0,133.0,136.0,138.0,136.0,139.0,135.0,136.0,138.0,135.0,134.0,137.0,137.0,135.0,138.0
audio_googLocalAddress,34.67.229.81:34069,34.67.229.81:34069,34.67.229.81:34069,34.67.229.81:34069,34.67.229.81:34069,34.67.229.81:34069,34.67.229.81:34069,34.67.229.81:34069,34.67.229.81:34069,34.67.229.81:34069,34.67.229.81:34069,34.67.229.81:34069,34.67.229.81:34069,34.67.229.81:34069,34.67.229.81:34069,34.67.229.81:34069,34.67.229.81:34069,34.67.229.81:34069,34.67.229.81:34069,34.67.229.81:34069,34.67.229.81:34069,34.67.229.81:34069,34.67.229.81:34069,34.67.229.81:34069,34.67.229.81:34069,34.67.229.81:34069,34.67.229.81:34069,34.67.229.81:34069,34.67.229.81:34069,34.67.229.81:34069,34.67.229.81:34069,34.67.229.81:34069,34.67.229.81:34069,34.67.229.81:34069,34.67.229.81:34069,34.67.229.81:34069,34.67.229.81:34069,34.67.229.81:34069,34.67.229.81:34069,34.67.229.81:34069,34.67.229.81:34069,34.67.229.81:34069,34.67.229.81:34069,34.67.229.81:34069,34.67.229.81:34069,34.67.229.81:34069,34.67.229.81:34069,34.67.229.81:34069,34.67.229.81:34069,34.67.229.81:34069,34.67.229.81:34069,34.67.229.81:34069,34.67.229.81:34069,34.67.229.81:34069,34.67.229.81:34069,34.67.229.81:34069,34.67.229.81:34069,34.67.229.81:34069,34.67.229.81:34069,34.67.229.81:34069,34.67.229.81:34069,34.67.229.81:34069,34.67.229.81:34069,34.67.229.81:34069,34.67.229.81:34069,34.67.229.81:34069,34.67.229.81:34069,34.67.229.81:34069,34.67.229.81:34069,34.67.229.81:34069,34.67.229.81:34069,34.67.229.81:34069,34.67.229.81:34069,34.67.229.81:34069,34.67.229.81:34069,34.67.229.81:34069,34.67.229.81:34069,34.67.229.81:34069,34.67.229.81:34069,34.67.229.81:34069,34.67.229.81:34069,34.67.229.81:34069,34.67.229.81:34069,34.67.229.81:34069,34.67.229.81:34069,34.67.229.81:34069,34.67.229.81:34069,34.67.229.81:34069,34.67.229.81:34069,34.67.229.81:34069,34.67.229.81:34069,34.67.229.81:34069,34.67.229.81:34069,34.67.229.81:34069
audio_googRemoteAddress,158.101.112.6:10000,158.101.112.6:10000,158.101.112.6:10000,158.101.112.6:10000,158.101.112.6:10000,158.101.112.6:10000,158.101.112.6:10000,158.101.112.6:10000,158.101.112.6:10000,158.101.112.6:10000,158.101.112.6:10000,158.101.112.6:10000,158.101.112.6:10000,158.101.112.6:10000,158.101.112.6:10000,158.101.112.6:10000,158.101.112.6:10000,158.101.112.6:10000,158.101.112.6:10000,158.101.112.6:10000,158.101.112.6:10000,158.101.112.6:10000,158.101.112.6:10000,158.101.112.6:10000,158.101.112.6:10000,158.101.112.6:10000,158.101.112.6:10000,158.101.112.6:10000,158.101.112.6:10000,158.101.112.6:10000,158.101.112.6:10000,158.101.112.6:10000,158.101.112.6:10000,158.101.112.6:10000,158.101.112.6:10000,158.101.112.6:10000,158.101.112.6:10000,158.101.112.6:10000,158.101.112.6:10000,158.101.112.6:10000,158.101.112.6:10000,158.101.112.6:10000,158.101.112.6:10000,158.101.112.6:10000,158.101.112.6:10000,158.101.112.6:10000,158.101.112.6:10000,158.101.112.6:10000,158.101.112.6:10000,158.101.112.6:10000,158.101.112.6:10000,158.101.112.6:10000,158.101.112.6:10000,158.101.112.6:10000,158.101.112.6:10000,158.101.112.6:10000,158.101.112.6:10000,158.101.112.6:10000,158.101.112.6:10000,158.101.112.6:10000,158.101.112.6:10000,158.101.112.6:10000,158.101.112.6:10000,158.101.112.6:10000,158.101.112.6:10000,158.101.112.6:10000,158.101.112.6:10000,158.101.112.6:10000,158.101.112.6:10000,158.101.112.6:10000,158.101.112.6:10000,158.101.112.6:10000,158.101.112.6:10000,158.101.112.6:10000,158.101.112.6:10000,158.101.112.6:10000,158.101.112.6:10000,158.101.112.6:10000,158.101.112.6:10000,158.101.112.6:10000,158.101.112.6:10000,158.101.112.6:10000,158.101.112.6:10000,158.101.112.6:10000,158.101.112.6:10000,158.101.112.6:10000,158.101.112.6:10000,158.101.112.6:10000,158.101.112.6:10000,158.101.112.6:10000,158.101.112.6:10000,158.101.112.6:10000,158.101.112.6:10000,158.101.112.6:10000
audio_googRtt,26.0,26.0,26.0,26.0,26.0,26.0,26.0,26.0,26.0,26.0,26.0,26.0,26.0,26.0,26.0,26.0,26.0,25.0,25.0,25.0,25.0,25.0,25.0,25.0,25.0,25.0,25.0,25.0,25.0,25.0,25.0,25.0,25.0,25.0,25.0,25.0,25.0,25.0,25.0,25.0,25.0,25.0,25.0,25.0,25.0,25.0,25.0,25.0,25.0,25.0,25.0,25.0,25.0,25.0,25.0,25.0,25.0,25.0,25.0,25.0,25.0,25.0,25.0,25.0,25.0,25.0,25.0,25.0,25.0,25.0,25.0,25.0,25.0,25.0,25.0,25.0,25.0,25.0,25.0,25.0,25.0,25.0,25.0,25.0,25.0,25.0,25.0,25.0,25.0,25.0,25.0,25.0,25.0,25.0
audio_send_bitsSentPerSecond_3574091785,18320.0,15120.0,15224.0,15288.0,14576.0,13952.0,15152.0,15792.0,14984.0,16840.0,16624.0,21464.0,24288.0,31608.0,35136.0,32568.0,33904.0,41992.0,35776.0,41256.0,40616.0,38880.0,34960.0,21664.0,25456.0,28944.0,40736.0,25184.0,25352.0,20552.0,17952.0,42040.0,41912.0,27896.0,21336.0,25224.0,24848.0,22392.0,24928.0,25200.0,25216.0,25224.0,25464.0,25200.0,22232.0,17576.0,18648.0,20624.0,19408.0,18864.0,18800.0,18864.0,18320.0,21136.0,23600.0,18968.0,21504.0,18264.0,19184.0,18280.0,18320.0,22728.0,21240.0,22544.0,18832.0,22872.0,23104.0,24168.0,23728.0,22760.0,26720.0,26280.0,26464.0,25608.0,25664.0,26104.0,25792.0,26152.0,26264.0,25680.0,26128.0,25744.0,25608.0,20296.0,19104.0,21856.0,21416.0,20440.0,24488.0,17576.0,21520.0,17968.0,17728.0,18576.0
audio_send_packetsLost_3574091785,0.0,0.0,0.0,0.0,0.0,0.0,0.0,0.0,0.0,0.0,0.0,0.0,0.0,0.0,0.0,0.0,0.0,0.0,0.0,0.0,0.0,0.0,0.0,0.0,0.0,0.0,0.0,0.0,0.0,0.0,0.0,0.0,0.0,0.0,0.0,0.0,0.0,0.0,0.0,0.0,0.0,0.0,0.0,0.0,0.0,0.0,0.0,0.0,0.0,0.0,0.0,0.0,0.0,0.0,0.0,0.0,0.0,0.0,0.0,0.0,0.0,0.0,0.0,0.0,0.0,0.0,0.0,0.0,0.0,0.0,0.0,0.0,0.0,0.0,0.0,0.0,0.0,0.0,0.0,0.0,0.0,0.0,0.0,0.0,0.0,0.0,0.0,0.0,0.0,0.0,0.0,0.0,0.0,0.0
audio_send_packetsSentPerSecond_3574091785,50.0,50.0,49.0,50.0,50.0,50.0,50.0,50.0,50.0,49.0,50.0,50.0,50.0,50.0,50.0,50.0,50.0,50.0,50.0,49.0,50.0,50.0,50.0,49.0,50.0,49.0,50.0,50.0,50.0,49.0,50.0,49.0,50.0,50.0,50.0,50.0,49.0,50.0,50.0,49.0,50.0,50.0,50.0,50.0,50.0,49.0,50.0,50.0,49.0,50.0,49.0,50.0,50.0,50.0,49.0,50.0,49.0,49.0,50.0,49.0,50.0,50.0,50.0,49.0,49.0,50.0,49.0,49.0,50.0,49.0,50.0,50.0,50.0,49.0,50.0,50.0,49.0,50.0,50.0,49.0,50.0,49.0,50.0,49.0,49.0,50.0,49.0,49.0,50.0,49.0,50.0,49.0,50.0,49.0
audio_send_googJitterReceived_3574091785,0.0,0.0,0.0,0.0,0.0,0.0,0.0,0.0,0.0,0.0,0.0,0.0,0.0,0.0,0.0,0.0,0.0,0.0,0.0,0.0,0.0,0.0,0.0,0.0,0.0,0.0,0.0,0.0,0.0,0.0,0.0,0.0,0.0,0.0,0.0,0.0,0.0,0.0,0.0,0.0,0.0,0.0,0.0,0.0,0.0,0.0,0.0,0.0,0.0,0.0,0.0,0.0,0.0,0.0,0.0,0.0,0.0,0.0,0.0,0.0,0.0,0.0,0.0,0.0,0.0,0.0,0.0,0.0,0.0,0.0,0.0,0.0,0.0,0.0,0.0,0.0,0.0,0.0,0.0,0.0,0.0,0.0,0.0,0.0,0.0,0.0,0.0,0.0,0.0,0.0,0.0,0.0,0.0,0.0
video_send_bitsSentPerSecond_947993922,223944.0,192944.0,211200.0,210928.0,210856.0,214584.0,232312.0,197368.0,206856.0,221984.0,208528.0,235040.0,208920.0,203704.0,216248.0,213176.0,229784.0,193912.0,208376.0,227016.0,205424.0,233232.0,208384.0,204232.0,215952.0,214464.0,228112.0,195808.0,209704.0,222392.0,205584.0,232672.0,209752.0,205664.0,212224.0,218776.0,225648.0,198568.0,202520.0,229408.0,206536.0,229304.0,211896.0,206208.0,210368.0,218800.0,226976.0,198792.0,208824.0,222952.0,208616.0,227736.0,215136.0,206728.0,208328.0,220592.0,225144.0,199784.0,208544.0,224344.0,208424.0,226224.0,214792.0,202696.0,208728.0,223216.0,222800.0,202904.0,207904.0,219296.0,211744.0,225232.0,216240.0,202544.0,207872.0,224872.0,219232.0,207280.0,203760.0,224096.0,211176.0,224752.0,215616.0,202904.0,207536.0,226384.0,218432.0,208280.0,207208.0,219224.0,210712.0,223336.0,215952.0,205344.0
video_send_packetsLost_947993922,0.0,0.0,0.0,0.0,0.0,0.0,0.0,0.0,0.0,0.0,0.0,0.0,0.0,0.0,0.0,0.0,0.0,0.0,0.0,0.0,0.0,0.0,0.0,0.0,0.0,0.0,0.0,0.0,0.0,0.0,0.0,0.0,0.0,0.0,0.0,0.0,0.0,0.0,0.0,0.0,0.0,0.0,0.0,0.0,0.0,0.0,0.0,0.0,0.0,0.0,0.0,0.0,0.0,0.0,0.0,0.0,0.0,0.0,0.0,0.0,0.0,0.0,0.0,0.0,0.0,0.0,0.0,0.0,0.0,0.0,0.0,0.0,0.0,0.0,0.0,0.0,0.0,0.0,0.0,0.0,0.0,0.0,0.0,0.0,0.0,0.0,0.0,0.0,0.0,0.0,0.0,0.0,0.0,0.0
video_send_packetsSentPerSecond_947993922,64.0,61.0,59.0,60.0,60.0,60.0,60.0,60.0,60.0,59.0,60.0,60.0,60.0,60.0,60.0,60.0,60.0,60.0,59.0,59.0,60.0,60.0,60.0,59.0,60.0,59.0,60.0,60.0,59.0,59.0,60.0,59.0,60.0,60.0,60.0,60.0,59.0,60.0,59.0,59.0,60.0,60.0,60.0,60.0,60.0,59.0,60.0,60.0,58.0,60.0,59.0,61.0,60.0,60.0,59.0,60.0,59.0,59.0,59.0,59.0,60.0,60.0,60.0,59.0,59.0,60.0,59.0,59.0,59.0,59.0,60.0,60.0,60.0,59.0,60.0,60.0,59.0,60.0,59.0,59.0,60.0,59.0,60.0,59.0,59.0,60.0,59.0,59.0,59.0,59.0,60.0,59.0,60.0,59.0
video_send_googEncodeUsagePercent_947993922,40.0,35.0,32.0,29.0,27.0,25.0,23.0,21.0,22.0,21.0,20.0,20.0,19.0,19.0,18.0,18.0,18.0,18.0,18.0,18.0,18.0,18.0,18.0,18.0,18.0,18.0,18.0,18.0,18.0,18.0,17.0,17.0,17.0,17.0,17.0,17.0,16.0,16.0,17.0,17.0,17.0,17.0,17.0,17.0,17.0,17.0,17.0,17.0,16.0,16.0,16.0,16.0,16.0,16.0,16.0,16.0,16.0,16.0,16.0,17.0,17.0,17.0,17.0,18.0,17.0,17.0,17.0,17.0,16.0,17.0,16.0,17.0,17.0,17.0,16.0,17.0,17.0,17.0,17.0,17.0,17.0,17.0,18.0,18.0,18.0,19.0,18.0,18.0,19.0,18.0,18.0,18.0,18.0,18.0
video_send_googFrameHeightInput_947993922,720.0,720.0,720.0,720.0,720.0,720.0,720.0,720.0,720.0,720.0,720.0,720.0,720.0,720.0,720.0,720.0,720.0,720.0,720.0,720.0,720.0,720.0,720.0,720.0,720.0,720.0,720.0,720.0,720.0,720.0,720.0,720.0,720.0,720.0,720.0,720.0,720.0,720.0,720.0,720.0,720.0,720.0,720.0,720.0,720.0,720.0,720.0,720.0,720.0,720.0,720.0,720.0,720.0,720.0,720.0,720.0,720.0,720.0,720.0,720.0,720.0,720.0,720.0,720.0,720.0,720.0,720.0,720.0,720.0,720.0,720.0,720.0,720.0,720.0,720.0,720.0,720.0,720.0,720.0,720.0,720.0,720.0,720.0,720.0,720.0,720.0,720.0,720.0,720.0,720.0,720.0,720.0,720.0,720.0
video_send_googFrameHeightSent_947993922,180.0,180.0,180.0,180.0,180.0,180.0,180.0,180.0,180.0,180.0,180.0,180.0,180.0,180.0,180.0,180.0,180.0,180.0,180.0,180.0,180.0,180.0,180.0,180.0,180.0,180.0,180.0,180.0,180.0,180.0,180.0,180.0,180.0,180.0,180.0,180.0,180.0,180.0,180.0,180.0,180.0,180.0,180.0,180.0,180.0,180.0,180.0,180.0,180.0,180.0,180.0,180.0,180.0,180.0,180.0,180.0,180.0,180.0,180.0,180.0,180.0,180.0,180.0,180.0,180.0,180.0,180.0,180.0,180.0,180.0,180.0,180.0,180.0,180.0,180.0,180.0,180.0,180.0,180.0,180.0,180.0,180.0,180.0,180.0,180.0,180.0,180.0,180.0,180.0,180.0,180.0,180.0,180.0,180.0
video_send_googFrameRateSent_947993922,60.0,60.0,60.0,60.0,60.0,60.0,60.0,60.0,59.0,60.0,60.0,60.0,60.0,60.0,60.0,60.0,60.0,60.0,59.0,60.0,60.0,60.0,60.0,60.0,60.0,60.0,60.0,60.0,60.0,60.0,60.0,60.0,60.0,60.0,60.0,60.0,61.0,60.0,58.0,60.0,60.0,60.0,60.0,60.0,59.0,60.0,60.0,60.0,59.0,60.0,59.0,59.0,59.0,60.0,59.0,61.0,59.0,60.0,60.0,59.0,60.0,60.0,60.0,60.0,60.0,61.0,59.0,60.0,59.0,59.0,59.0,60.0,61.0,59.0,60.0,61.0,59.0,60.0,58.0,60.0,59.0,60.0,59.0,60.0,59.0,60.0,60.0,60.0,60.0,60.0,59.0,61.0,59.0,61.0
video_send_googFrameWidthInput_947993922,1280.0,1280.0,1280.0,1280.0,1280.0,1280.0,1280.0,1280.0,1280.0,1280.0,1280.0,1280.0,1280.0,1280.0,1280.0,1280.0,1280.0,1280.0,1280.0,1280.0,1280.0,1280.0,1280.0,1280.0,1280.0,1280.0,1280.0,1280.0,1280.0,1280.0,1280.0,1280.0,1280.0,1280.0,1280.0,1280.0,1280.0,1280.0,1280.0,1280.0,1280.0,1280.0,1280.0,1280.0,1280.0,1280.0,1280.0,1280.0,1280.0,1280.0,1280.0,1280.0,1280.0,1280.0,1280.0,1280.0,1280.0,1280.0,1280.0,1280.0,1280.0,1280.0,1280.0,1280.0,1280.0,1280.0,1280.0,1280.0,1280.0,1280.0,1280.0,1280.0,1280.0,1280.0,1280.0,1280.0,1280.0,1280.0,1280.0,1280.0,1280.0,1280.0,1280.0,1280.0,1280.0,1280.0,1280.0,1280.0,1280.0,1280.0,1280.0,1280.0,1280.0,1280.0
video_send_googFrameWidthSent_947993922,320.0,320.0,320.0,320.0,320.0,320.0,320.0,320.0,320.0,320.0,320.0,320.0,320.0,320.0,320.0,320.0,320.0,320.0,320.0,320.0,320.0,320.0,320.0,320.0,320.0,320.0,320.0,320.0,320.0,320.0,320.0,320.0,320.0,320.0,320.0,320.0,320.0,320.0,320.0,320.0,320.0,320.0,320.0,320.0,320.0,320.0,320.0,320.0,320.0,320.0,320.0,320.0,320.0,320.0,320.0,320.0,320.0,320.0,320.0,320.0,320.0,320.0,320.0,320.0,320.0,320.0,320.0,320.0,320.0,320.0,320.0,320.0,320.0,320.0,320.0,320.0,320.0,320.0,320.0,320.0,320.0,320.0,320.0,320.0,320.0,320.0,320.0,320.0,320.0,320.0,320.0,320.0,320.0,320.0
video_send_googRtt_947993922,26.0,26.0,26.0,26.0,26.0,26.0,26.0,26.0,25.0,25.0,25.0,25.0,25.0,25.0,25.0,25.0,25.0,25.0,25.0,25.0,25.0,25.0,25.0,25.0,25.0,25.0,25.0,25.0,25.0,25.0,25.0,25.0,25.0,25.0,25.0,25.0,25.0,25.0,25.0,25.0,25.0,25.0,25.0,25.0,25.0,25.0,25.0,25.0,25.0,25.0,25.0,25.0,25.0,25.0,25.0,25.0,25.0,25.0,25.0,26.0,26.0,26.0,26.0,26.0,26.0,26.0,26.0,26.0,26.0,26.0,26.0,26.0,26.0,26.0,26.0,26.0,26.0,26.0,26.0,26.0,26.0,26.0,26.0,26.0,26.0,26.0,26.0,26.0,26.0,26.0,26.0,26.0,26.0,26.0
audio_send_googRtt_3574091785,27.0,26.0,26.0,26.0,26.0,26.0,26.0,25.0,27.0,27.0,27.0,26.0,26.0,25.0,26.0,26.0,26.0,28.0,27.0,27.0,27.0,27.0,27.0,27.0,27.0,26.0,26.0,26.0,26.0,27.0,26.0,26.0,27.0,27.0,27.0,27.0,26.0,26.0,27.0,27.0,27.0,28.0,26.0,26.0,27.0,27.0,27.0,26.0,26.0,27.0,27.0,26.0,26.0,26.0,27.0,27.0,26.0,27.0,29.0,26.0,26.0,26.0,29.0,27.0,29.0,27.0,27.0,27.0,26.0,26.0,26.0,26.0,27.0,27.0,27.0,27.0,27.0,26.0,26.0,27.0,27.0,27.0,27.0,26.0,26.0,26.0,26.0,30.0,28.0,27.0,29.0,28.0,27.0,27.0
audio_recv_bitsReceivedPerSecond_1113812672,0.0,9872.0,4864.0,6536.0,6512.0,5056.0,3256.0,5360.0,5152.0,4184.0,6504.0,4128.0,4952.0,5336.0,8504.0,2816.0,6432.0,2984.0,3928.0,9112.0,11128.0,9128.0,9376.0,8224.0,8280.0,8240.0,9136.0,8256.0,8160.0,8344.0,8256.0,8240.0,8256.0,8264.0,8256.0,8256.0,8192.0,8312.0,8256.0,8240.0,8264.0,8256.0,8256.0,8256.0,8256.0,8240.0,7088.0,5912.0,5904.0,5888.0,5864.0,19112.0,3488.0,9728.0,12080.0,8840.0,12096.0,7200.0,6592.0,5576.0,6664.0,10344.0,22888.0,25896.0,23912.0,25392.0,10696.0,11584.0,11592.0,9232.0,9800.0,11384.0,8640.0,10264.0,11696.0,10624.0,8680.0,11640.0,8328.0,9704.0,7984.0,5608.0,7792.0,7984.0,6720.0,9672.0,7944.0,10856.0,10128.0,7064.0,9744.0,6160.0,5152.0,7056.0
audio_recv_packetsReceivedPerSecond_1113812672,0.0,16.0,5.0,6.0,6.0,5.0,3.0,5.0,5.0,3.0,6.0,4.0,5.0,5.0,9.0,3.0,6.0,3.0,4.0,9.0,12.0,9.0,10.0,7.0,8.0,7.0,9.0,8.0,7.0,8.0,8.0,7.0,8.0,8.0,8.0,8.0,7.0,8.0,8.0,7.0,8.0,8.0,8.0,8.0,8.0,7.0,7.0,6.0,5.0,6.0,5.0,22.0,4.0,13.0,13.0,11.0,13.0,8.0,9.0,8.0,10.0,18.0,41.0,49.0,44.0,48.0,17.0,18.0,19.0,13.0,16.0,18.0,14.0,17.0,19.0,16.0,14.0,20.0,14.0,15.0,12.0,8.0,11.0,12.0,9.0,16.0,12.0,16.0,16.0,10.0,15.0,8.0,7.0,9.0
audio_recv_googCurrentDelayMs_1113812672,0.0,60.0,52.0,47.0,42.0,42.0,46.0,48.0,46.0,51.0,57.0,56.0,52.0,56.0,60.0,58.0,57.0,54.0,56.0,78.0,53.0,47.0,56.0,45.0,45.0,44.0,57.0,50.0,48.0,44.0,54.0,46.0,53.0,51.0,50.0,48.0,47.0,48.0,48.0,48.0,53.0,49.0,49.0,54.0,54.0,52.0,43.0,44.0,43.0,44.0,43.0,66.0,66.0,76.0,73.0,65.0,69.0,70.0,66.0,56.0,65.0,100.0,88.0,89.0,91.0,92.0,76.0,75.0,52.0,58.0,62.0,76.0,83.0,55.0,62.0,48.0,42.0,60.0,61.0,53.0,54.0,61.0,55.0,53.0,57.0,54.0,59.0,63.0,59.0,49.0,56.0,42.0,47.0,52.0
audio_recv_googJitterBufferMs_1113812672,0.0,7.0,11.0,9.0,3.0,5.0,10.0,6.0,2.0,3.0,9.0,28.0,2.0,6.0,6.0,2.0,11.0,2.0,2.0,30.0,4.0,4.0,12.0,2.0,3.0,2.0,2.0,3.0,5.0,1.0,11.0,4.0,10.0,7.0,7.0,5.0,6.0,6.0,6.0,6.0,10.0,6.0,6.0,10.0,10.0,8.0,1.0,1.0,1.0,1.0,1.0,22.0,22.0,22.0,22.0,2.0,8.0,3.0,7.0,3.0,2.0,20.0,50.0,70.0,63.0,50.0,10.0,30.0,3.0,22.0,2.0,33.0,40.0,22.0,3.0,0.0,0.0,22.0,10.0,2.0,8.0,12.0,4.0,1.0,6.0,22.0,12.0,26.0,2.0,1.0,4.0,0.0,8.0,7.0
audio_recv_googJitterReceived_1113812672,0.0,7.0,9.0,10.0,9.0,10.0,10.0,10.0,9.0,11.0,11.0,9.0,7.0,8.0,6.0,5.0,5.0,4.0,4.0,5.0,3.0,6.0,5.0,7.0,5.0,7.0,6.0,7.0,6.0,7.0,6.0,7.0,6.0,8.0,6.0,8.0,7.0,9.0,6.0,8.0,6.0,7.0,6.0,8.0,6.0,7.0,7.0,8.0,7.0,7.0,7.0,6.0,5.0,6.0,4.0,5.0,4.0,5.0,4.0,6.0,4.0,6.0,3.0,5.0,3.0,4.0,3.0,5.0,4.0,4.0,3.0,4.0,2.0,5.0,3.0,5.0,3.0,4.0,3.0,4.0,3.0,5.0,3.0,4.0,4.0,5.0,4.0,5.0,3.0,5.0,3.0,5.0,5.0,7.0
audio_recv_googPreferredJitterBufferMs_1113812672,0.0,20.0,40.0,60.0,60.0,60.0,60.0,60.0,60.0,80.0,80.0,80.0,80.0,80.0,80.0,60.0,60.0,60.0,60.0,40.0,40.0,60.0,60.0,60.0,60.0,60.0,60.0,60.0,60.0,60.0,60.0,60.0,60.0,60.0,60.0,60.0,60.0,60.0,60.0,60.0,60.0,60.0,60.0,60.0,60.0,60.0,60.0,60.0,60.0,60.0,60.0,60.0,60.0,60.0,60.0,60.0,60.0,60.0,60.0,60.0,60.0,60.0,60.0,60.0,60.0,60.0,40.0,40.0,40.0,40.0,40.0,40.0,40.0,60.0,40.0,40.0,40.0,40.0,40.0,40.0,40.0,40.0,40.0,40.0,40.0,40.0,40.0,40.0,40.0,40.0,40.0,40.0,40.0,40.0
video_recv_bitsReceivedPerSecond_680075033,0.0,172608.0,232192.0,231904.0,245112.0,203952.0,193472.0,199328.0,199808.0,191640.0,164368.0,181088.0,148360.0,153032.0,146232.0,170752.0,162056.0,154752.0,143112.0,122832.0,137472.0,164728.0,141440.0,142568.0,156496.0,160328.0,175688.0,201064.0,186960.0,168208.0,130528.0,139728.0,127600.0,131336.0,141520.0,158416.0,137376.0,141320.0,141344.0,152136.0,158000.0,181832.0,143080.0,155400.0,139368.0,141664.0,148944.0,167600.0,145552.0,142288.0,124720.0,129136.0,143944.0,155472.0,122832.0,126168.0,129712.0,140760.0,155808.0,165600.0,171552.0,194656.0,185296.0,199696.0,159800.0,180272.0,171792.0,189616.0,188672.0,183720.0,181896.0,200880.0,171024.0,192704.0,163312.0,175976.0,148536.0,148224.0,111824.0,119744.0,113312.0,123984.0,135168.0,155056.0,160712.0,183192.0,162696.0,163672.0,185752.0,188792.0,194272.0,205448.0,185912.0,206056.0
video_recv_packetsReceivedPerSecond_680075033,0.0,60.0,59.0,60.0,61.0,60.0,60.0,60.0,60.0,57.0,63.0,57.0,59.0,63.0,59.0,59.0,62.0,56.0,63.0,59.0,60.0,59.0,60.0,61.0,59.0,60.0,60.0,60.0,60.0,56.0,56.0,65.0,61.0,60.0,60.0,56.0,58.0,65.0,59.0,60.0,59.0,59.0,60.0,61.0,60.0,61.0,60.0,57.0,57.0,63.0,61.0,59.0,60.0,57.0,50.0,67.0,65.0,59.0,59.0,59.0,60.0,60.0,59.0,60.0,57.0,63.0,59.0,59.0,60.0,60.0,60.0,60.0,58.0,58.0,62.0,56.0,59.0,59.0,50.0,70.0,64.0,59.0,59.0,60.0,58.0,59.0,61.0,59.0,60.0,59.0,61.0,58.0,60.0,59.0
video_recv_googCurrentDelayMs_680075033,0.0,54.0,41.0,36.0,40.0,39.0,37.0,34.0,35.0,34.0,33.0,33.0,32.0,31.0,32.0,31.0,31.0,30.0,30.0,30.0,30.0,30.0,29.0,29.0,30.0,30.0,30.0,30.0,30.0,30.0,30.0,30.0,30.0,29.0,29.0,29.0,29.0,29.0,29.0,29.0,30.0,29.0,29.0,29.0,29.0,29.0,30.0,30.0,28.0,28.0,28.0,29.0,29.0,29.0,29.0,29.0,29.0,29.0,29.0,29.0,29.0,29.0,30.0,30.0,30.0,30.0,31.0,31.0,31.0,31.0,31.0,31.0,30.0,30.0,29.0,29.0,29.0,29.0,29.0,29.0,29.0,28.0,28.0,28.0,29.0,28.0,29.0,29.0,28.0,29.0,31.0,30.0,30.0,30.0
video_recv_googDecodeMs_680075033,0.0,1.0,1.0,0.0,1.0,1.0,1.0,1.0,2.0,1.0,2.0,1.0,1.0,1.0,1.0,1.0,1.0,2.0,1.0,2.0,1.0,1.0,1.0,3.0,1.0,1.0,1.0,1.0,2.0,1.0,1.0,1.0,1.0,4.0,1.0,1.0,1.0,1.0,1.0,1.0,1.0,1.0,1.0,1.0,1.0,1.0,1.0,1.0,1.0,1.0,1.0,1.0,1.0,1.0,2.0,1.0,1.0,1.0,1.0,1.0,1.0,2.0,1.0,2.0,1.0,4.0,1.0,1.0,1.0,1.0,1.0,1.0,1.0,1.0,1.0,1.0,1.0,1.0,1.0,1.0,1.0,1.0,1.0,1.0,1.0,1.0,1.0,1.0,2.0,3.0,3.0,1.0,1.0,1.0
video_recv_googFrameHeightReceived_680075033,0.0,180.0,180.0,180.0,180.0,180.0,180.0,180.0,180.0,180.0,180.0,180.0,180.0,180.0,180.0,180.0,180.0,180.0,180.0,180.0,180.0,180.0,180.0,180.0,180.0,180.0,180.0,180.0,180.0,180.0,180.0,180.0,180.0,180.0,180.0,180.0,180.0,180.0,180.0,180.0,180.0,180.0,180.0,180.0,180.0,180.0,180.0,180.0,180.0,180.0,180.0,180.0,180.0,180.0,180.0,180.0,180.0,180.0,180.0,180.0,180.0,180.0,180.0,180.0,180.0,180.0,180.0,180.0,180.0,180.0,180.0,180.0,180.0,180.0,180.0,180.0,180.0,180.0,180.0,180.0,180.0,180.0,180.0,180.0,180.0,180.0,180.0,180.0,180.0,180.0,180.0,180.0,180.0,180.0
video_recv_googFrameRateOutput_680075033,0.0,36.0,64.0,60.0,60.0,60.0,59.0,60.0,60.0,59.0,59.0,61.0,59.0,60.0,59.0,61.0,59.0,60.0,60.0,60.0,61.0,60.0,60.0,60.0,60.0,60.0,60.0,61.0,60.0,59.0,56.0,64.0,60.0,60.0,59.0,59.0,59.0,61.0,60.0,61.0,60.0,60.0,60.0,60.0,60.0,60.0,60.0,60.0,57.0,63.0,60.0,55.0,60.0,59.0,51.0,68.0,61.0,60.0,60.0,60.0,60.0,60.0,60.0,59.0,60.0,61.0,61.0,60.0,60.0,60.0,60.0,60.0,60.0,60.0,59.0,60.0,59.0,60.0,50.0,71.0,60.0,60.0,60.0,60.0,60.0,60.0,60.0,60.0,60.0,61.0,60.0,60.0,60.0,60.0
video_recv_googFrameRateReceived_680075033,0.0,59.0,60.0,60.0,60.0,60.0,60.0,60.0,60.0,58.0,63.0,57.0,59.0,63.0,59.0,59.0,62.0,56.0,63.0,60.0,60.0,59.0,60.0,62.0,59.0,61.0,60.0,60.0,61.0,57.0,56.0,66.0,61.0,60.0,60.0,56.0,59.0,65.0,59.0,61.0,60.0,59.0,60.0,61.0,59.0,62.0,60.0,57.0,58.0,63.0,62.0,54.0,60.0,57.0,51.0,68.0,65.0,60.0,60.0,59.0,60.0,60.0,59.0,61.0,57.0,64.0,60.0,60.0,60.0,61.0,61.0,60.0,59.0,58.0,62.0,57.0,59.0,59.0,50.0,71.0,64.0,60.0,59.0,61.0,58.0,59.0,62.0,59.0,60.0,60.0,61.0,59.0,60.0,60.0
video_recv_googFrameWidthReceived_680075033,0.0,320.0,320.0,320.0,320.0,320.0,320.0,320.0,320.0,320.0,320.0,320.0,320.0,320.0,320.0,320.0,320.0,320.0,320.0,320.0,320.0,320.0,320.0,320.0,320.0,320.0,320.0,320.0,320.0,320.0,320.0,320.0,320.0,320.0,320.0,320.0,320.0,320.0,320.0,320.0,320.0,320.0,320.0,320.0,320.0,320.0,320.0,320.0,320.0,320.0,320.0,320.0,320.0,320.0,320.0,320.0,320.0,320.0,320.0,320.0,320.0,320.0,320.0,320.0,320.0,320.0,320.0,320.0,320.0,320.0,320.0,320.0,320.0,320.0,320.0,320.0,320.0,320.0,320.0,320.0,320.0,320.0,320.0,320.0,320.0,320.0,320.0,320.0,320.0,320.0,320.0,320.0,320.0,320.0
video_recv_googInterframeDelayMax_680075033,-1.0,125.0,25.0,53.0,57.0,65.0,28.0,35.0,26.0,48.0,43.0,24.0,28.0,28.0,34.0,20.0,43.0,22.0,33.0,20.0,21.0,20.0,23.0,34.0,28.0,22.0,21.0,30.0,33.0,38.0,41.0,31.0,22.0,20.0,34.0,19.0,35.0,20.0,20.0,26.0,20.0,19.0,20.0,34.0,23.0,18.0,21.0,21.0,37.0,22.0,31.0,73.0,19.0,21.0,35.0,48.0,18.0,21.0,20.0,19.0,20.0,20.0,21.0,24.0,31.0,28.0,22.0,22.0,28.0,23.0,18.0,19.0,20.0,50.0,34.0,23.0,36.0,33.0,37.0,47.0,19.0,18.0,20.0,19.0,20.0,21.0,22.0,20.0,20.0,22.0,21.0,24.0,20.0,50.0
video_recv_googJitterBufferMs_680075033,0.0,40.0,28.0,24.0,28.0,27.0,25.0,23.0,23.0,22.0,22.0,21.0,20.0,19.0,20.0,19.0,19.0,18.0,18.0,18.0,18.0,18.0,17.0,17.0,18.0,18.0,18.0,18.0,18.0,18.0,18.0,18.0,18.0,17.0,17.0,17.0,17.0,17.0,17.0,17.0,18.0,17.0,17.0,17.0,17.0,17.0,18.0,18.0,17.0,17.0,17.0,18.0,18.0,18.0,18.0,18.0,18.0,18.0,18.0,18.0,18.0,18.0,18.0,18.0,18.0,18.0,18.0,18.0,18.0,18.0,18.0,18.0,18.0,18.0,18.0,18.0,18.0,18.0,18.0,18.0,18.0,17.0,17.0,17.0,18.0,17.0,18.0,18.0,17.0,17.0,18.0,17.0,17.0,17.0
video_recv_googPlisSent_680075033,2.0,2.0,2.0,2.0,2.0,2.0,2.0,2.0,2.0,2.0,2.0,2.0,2.0,2.0,2.0,2.0,2.0,2.0,2.0,2.0,2.0,2.0,2.0,2.0,2.0,2.0,2.0,2.0,2.0,2.0,2.0,2.0,2.0,2.0,2.0,2.0,2.0,2.0,2.0,2.0,2.0,2.0,2.0,2.0,2.0,2.0,2.0,2.0,2.0,2.0,2.0,2.0,2.0,2.0,2.0,2.0,2.0,2.0,2.0,2.0,2.0,2.0,2.0,2.0,2.0,2.0,2.0,2.0,2.0,2.0,2.0,2.0,2.0,2.0,2.0,2.0,2.0,2.0,2.0,2.0,2.0,2.0,2.0,2.0,2.0,2.0,2.0,2.0,2.0,2.0,2.0,2.0,2.0,2.0
audio_recv_bitsReceivedPerSecond_1229306861,0.0,20480.0,23448.0,25152.0,24312.0,23648.0,13080.0,24352.0,21400.0,11184.0,15688.0,23200.0,9944.0,18328.0,18680.0,22520.0,11560.0,21968.0,13208.0,8832.0,20608.0,22672.0,24416.0,23480.0,25352.0,24536.0,23888.0,24056.0,24024.0,23800.0,24416.0,24456.0,23472.0,23888.0,24632.0,11872.0,22824.0,24384.0,24056.0,21896.0,23128.0,21264.0,21264.0,23184.0,21864.0,22776.0,21032.0,23920.0,21688.0,24880.0,22400.0,22944.0,22328.0,22368.0,20984.0,20624.0,24656.0,22648.0,21920.0,22192.0,21944.0,22240.0,14040.0,12256.0,12152.0,8504.0,11792.0,13928.0,12672.0,16592.0,12976.0,17488.0,15016.0,10640.0,13440.0,14840.0,14344.0,14808.0,17624.0,24360.0,24464.0,23520.0,24216.0,25032.0,24200.0,24624.0,23368.0,24144.0,24216.0,23728.0,23544.0,23656.0,22480.0,22016.0
audio_recv_packetsReceivedPerSecond_1229306861,0.0,25.0,26.0,28.0,28.0,27.0,14.0,28.0,27.0,15.0,21.0,29.0,13.0,24.0,24.0,28.0,16.0,27.0,20.0,12.0,25.0,26.0,28.0,26.0,29.0,27.0,27.0,28.0,27.0,27.0,28.0,27.0,27.0,27.0,28.0,13.0,24.0,28.0,28.0,26.0,29.0,27.0,27.0,29.0,27.0,27.0,26.0,29.0,26.0,31.0,27.0,28.0,28.0,28.0,26.0,25.0,28.0,26.0,27.0,28.0,28.0,28.0,14.0,13.0,12.0,8.0,12.0,14.0,14.0,17.0,18.0,19.0,16.0,14.0,21.0,18.0,15.0,16.0,20.0,27.0,28.0,26.0,27.0,28.0,27.0,28.0,26.0,27.0,27.0,27.0,27.0,27.0,28.0,26.0
audio_recv_googCurrentDelayMs_1229306861,0.0,112.0,252.0,235.0,455.0,395.0,271.0,396.0,662.0,627.0,708.0,845.0,938.0,849.0,913.0,906.0,904.0,938.0,947.0,862.0,895.0,905.0,957.0,868.0,649.0,409.0,571.0,615.0,485.0,404.0,607.0,649.0,434.0,504.0,528.0,335.0,423.0,661.0,804.0,722.0,542.0,420.0,503.0,402.0,465.0,715.0,648.0,452.0,471.0,680.0,632.0,407.0,475.0,525.0,351.0,420.0,315.0,325.0,497.0,383.0,465.0,517.0,357.0,418.0,612.0,713.0,752.0,811.0,857.0,845.0,865.0,894.0,911.0,953.0,926.0,939.0,932.0,929.0,905.0,926.0,943.0,794.0,606.0,414.0,549.0,461.0,335.0,480.0,379.0,452.0,469.0,335.0,494.0,618.0
audio_recv_googJitterBufferMs_1229306861,0.0,11.0,218.0,261.0,471.0,76.0,164.0,643.0,655.0,244.0,611.0,834.0,515.0,607.0,655.0,645.0,790.0,727.0,647.0,473.0,625.0,912.0,653.0,378.0,116.0,306.0,627.0,325.0,17.0,546.0,541.0,290.0,144.0,514.0,205.0,122.0,509.0,884.0,603.0,294.0,27.0,542.0,241.0,166.0,713.0,590.0,236.0,153.0,686.0,533.0,252.0,163.0,524.0,221.0,147.0,426.0,10.0,541.0,265.0,141.0,570.0,248.0,161.0,301.0,412.0,282.0,360.0,467.0,441.0,587.0,623.0,607.0,587.0,465.0,587.0,627.0,527.0,484.0,642.0,861.0,695.0,363.0,65.0,447.0,380.0,58.0,430.0,318.0,147.0,546.0,177.0,244.0,691.0,381.0
audio_recv_googJitterReceived_1229306861,0.0,14.0,22.0,20.0,21.0,18.0,28.0,22.0,21.0,36.0,30.0,22.0,36.0,29.0,27.0,23.0,32.0,22.0,26.0,32.0,25.0,23.0,21.0,24.0,21.0,21.0,21.0,20.0,21.0,20.0,19.0,21.0,23.0,21.0,23.0,28.0,26.0,22.0,20.0,24.0,23.0,21.0,25.0,23.0,24.0,21.0,26.0,23.0,24.0,21.0,21.0,21.0,22.0,20.0,21.0,20.0,19.0,21.0,21.0,21.0,21.0,21.0,30.0,34.0,36.0,44.0,42.0,36.0,36.0,34.0,30.0,30.0,31.0,39.0,30.0,29.0,34.0,33.0,27.0,20.0,19.0,19.0,18.0,20.0,21.0,22.0,22.0,22.0,22.0,22.0,23.0,21.0,21.0,22.0
audio_recv_googPreferredJitterBufferMs_1229306861,0.0,320.0,820.0,1240.0,1680.0,1740.0,1740.0,1740.0,1740.0,1900.0,1860.0,1860.0,1860.0,1860.0,1840.0,1840.0,1860.0,1860.0,1860.0,1860.0,1860.0,1860.0,1860.0,1860.0,1860.0,1860.0,1860.0,1860.0,1860.0,1860.0,1860.0,1840.0,1840.0,1840.0,1840.0,1840.0,1840.0,1820.0,1820.0,1840.0,1820.0,1820.0,1820.0,1820.0,1820.0,1820.0,1820.0,1800.0,1800.0,1800.0,1780.0,1780.0,1780.0,1780.0,1780.0,1780.0,1780.0,1780.0,1760.0,1760.0,1760.0,1760.0,1760.0,1760.0,1760.0,1760.0,1760.0,1780.0,1780.0,1780.0,1800.0,1800.0,1800.0,1800.0,1800.0,1800.0,1800.0,1800.0,1800.0,1800.0,1800.0,1800.0,1800.0,1800.0,1800.0,1800.0,1800.0,1780.0,1780.0,1780.0,1780.0,1780.0,1780.0,1780.0
video_recv_bitsReceivedPerSecond_3341357061,0.0,145536.0,170960.0,163256.0,58624.0,52256.0,67392.0,73016.0,84808.0,94976.0,107472.0,117040.0,126144.0,135952.0,142280.0,152496.0,167088.0,180840.0,195400.0,184736.0,190464.0,198400.0,219880.0,211976.0,224712.0,201256.0,205528.0,213240.0,224176.0,207824.0,208880.0,221432.0,220544.0,191288.0,219944.0,196488.0,228968.0,211200.0,210016.0,215144.0,223048.0,217960.0,213248.0,223456.0,234320.0,235600.0,216104.0,226680.0,245040.0,149120.0,187368.0,152832.0,125336.0,126368.0,102104.0,147800.0,86352.0,99232.0,107376.0,87856.0,89160.0,89784.0,106096.0,104384.0,109120.0,80664.0,41512.0,49752.0,51968.0,51280.0,56624.0,63744.0,76408.0,84536.0,88896.0,99344.0,93392.0,83352.0,80240.0,66520.0,77568.0,82616.0,86960.0,100944.0,107080.0,122432.0,133312.0,149984.0,168736.0,189080.0,202456.0,191624.0,211552.0,173544.0
video_recv_packetsReceivedPerSecond_3341357061,0.0,37.0,29.0,25.0,8.0,20.0,27.0,25.0,33.0,32.0,30.0,32.0,34.0,31.0,32.0,33.0,31.0,37.0,34.0,32.0,34.0,33.0,35.0,37.0,40.0,35.0,37.0,38.0,37.0,38.0,33.0,37.0,37.0,32.0,41.0,34.0,39.0,36.0,34.0,37.0,38.0,40.0,35.0,36.0,40.0,40.0,33.0,40.0,42.0,25.0,34.0,27.0,22.0,23.0,39.0,44.0,26.0,16.0,35.0,38.0,30.0,30.0,33.0,29.0,33.0,25.0,7.0,12.0,37.0,30.0,29.0,28.0,30.0,34.0,32.0,31.0,27.0,19.0,40.0,32.0,29.0,38.0,31.0,32.0,30.0,32.0,31.0,29.0,31.0,35.0,38.0,35.0,37.0,30.0
video_recv_googCurrentDelayMs_3341357061,0.0,143.0,148.0,147.0,190.0,188.0,176.0,171.0,167.0,158.0,163.0,167.0,186.0,183.0,176.0,173.0,170.0,169.0,165.0,163.0,160.0,159.0,155.0,155.0,157.0,159.0,161.0,160.0,159.0,160.0,160.0,155.0,155.0,163.0,163.0,165.0,166.0,166.0,164.0,159.0,160.0,161.0,156.0,150.0,146.0,148.0,147.0,149.0,148.0,152.0,151.0,150.0,154.0,161.0,165.0,165.0,165.0,163.0,165.0,165.0,162.0,161.0,160.0,162.0,162.0,162.0,168.0,179.0,188.0,188.0,187.0,185.0,184.0,182.0,182.0,181.0,178.0,180.0,180.0,181.0,180.0,179.0,178.0,178.0,175.0,175.0,173.0,172.0,171.0,167.0,166.0,164.0,161.0,159.0
video_recv_googDecodeMs_3341357061,1.0,1.0,1.0,1.0,1.0,1.0,1.0,1.0,3.0,1.0,1.0,1.0,1.0,1.0,1.0,1.0,1.0,2.0,1.0,1.0,1.0,1.0,1.0,1.0,1.0,7.0,1.0,1.0,1.0,1.0,1.0,1.0,1.0,1.0,1.0,1.0,1.0,1.0,1.0,1.0,2.0,1.0,1.0,1.0,1.0,1.0,1.0,1.0,1.0,1.0,1.0,1.0,1.0,1.0,1.0,1.0,1.0,1.0,1.0,1.0,1.0,1.0,1.0,1.0,1.0,1.0,1.0,1.0,1.0,1.0,1.0,0.0,1.0,1.0,1.0,2.0,2.0,1.0,1.0,1.0,1.0,1.0,1.0,1.0,1.0,4.0,1.0,1.0,1.0,2.0,1.0,1.0,6.0,1.0
video_recv_googFrameHeightReceived_3341357061,180.0,180.0,180.0,180.0,180.0,180.0,180.0,180.0,180.0,180.0,180.0,180.0,180.0,180.0,180.0,180.0,180.0,180.0,180.0,180.0,180.0,180.0,180.0,180.0,180.0,180.0,180.0,180.0,180.0,180.0,180.0,180.0,180.0,180.0,180.0,180.0,180.0,180.0,180.0,180.0,180.0,180.0,180.0,180.0,180.0,180.0,180.0,180.0,180.0,180.0,180.0,180.0,180.0,180.0,180.0,180.0,180.0,180.0,180.0,180.0,180.0,180.0,180.0,180.0,180.0,180.0,180.0,180.0,180.0,180.0,180.0,180.0,180.0,180.0,180.0,180.0,180.0,180.0,180.0,180.0,180.0,180.0,180.0,180.0,180.0,180.0,180.0,180.0,180.0,180.0,180.0,180.0,180.0,180.0
video_recv_googFrameRateOutput_3341357061,0.0,22.0,29.0,23.0,6.0,20.0,21.0,24.0,19.0,24.0,16.0,7.0,16.0,20.0,31.0,25.0,27.0,31.0,26.0,23.0,32.0,24.0,26.0,31.0,27.0,26.0,32.0,27.0,22.0,19.0,33.0,33.0,26.0,27.0,30.0,27.0,26.0,32.0,30.0,31.0,27.0,23.0,31.0,30.0,30.0,30.0,28.0,32.0,32.0,29.0,27.0,31.0,20.0,20.0,31.0,29.0,30.0,29.0,27.0,33.0,32.0,30.0,30.0,29.0,29.0,32.0,8.0,5.0,24.0,34.0,31.0,31.0,30.0,32.0,29.0,31.0,29.0,24.0,32.0,29.0,31.0,31.0,32.0,33.0,30.0,30.0,34.0,29.0,28.0,29.0,31.0,32.0,32.0,29.0
video_recv_googFrameRateReceived_3341357061,1.0,31.0,24.0,22.0,6.0,20.0,27.0,25.0,33.0,33.0,30.0,32.0,34.0,30.0,32.0,33.0,25.0,31.0,30.0,28.0,28.0,27.0,26.0,28.0,31.0,27.0,26.0,30.0,31.0,28.0,24.0,30.0,27.0,20.0,28.0,26.0,31.0,28.0,23.0,28.0,28.0,31.0,28.0,27.0,29.0,28.0,22.0,27.0,27.0,19.0,29.0,24.0,19.0,20.0,40.0,39.0,26.0,15.0,34.0,38.0,30.0,30.0,34.0,28.0,34.0,25.0,5.0,12.0,37.0,31.0,29.0,28.0,31.0,34.0,32.0,32.0,27.0,18.0,40.0,33.0,29.0,39.0,32.0,30.0,31.0,32.0,32.0,30.0,29.0,31.0,28.0,28.0,31.0,25.0
video_recv_googFrameWidthReceived_3341357061,320.0,320.0,320.0,320.0,320.0,320.0,320.0,320.0,320.0,320.0,320.0,320.0,320.0,320.0,320.0,320.0,320.0,320.0,320.0,320.0,320.0,320.0,320.0,320.0,320.0,320.0,320.0,320.0,320.0,320.0,320.0,320.0,320.0,320.0,320.0,320.0,320.0,320.0,320.0,320.0,320.0,320.0,320.0,320.0,320.0,320.0,320.0,320.0,320.0,320.0,320.0,320.0,320.0,320.0,320.0,320.0,320.0,320.0,320.0,320.0,320.0,320.0,320.0,320.0,320.0,320.0,320.0,320.0,320.0,320.0,320.0,320.0,320.0,320.0,320.0,320.0,320.0,320.0,320.0,320.0,320.0,320.0,320.0,320.0,320.0,320.0,320.0,320.0,320.0,320.0,320.0,320.0,320.0,320.0
video_recv_googInterframeDelayMax_3341357061,-1.0,250.0,126.0,142.0,239.0,168.0,202.0,202.0,206.0,182.0,180.0,241.0,233.0,192.0,182.0,168.0,168.0,176.0,162.0,176.0,162.0,164.0,161.0,164.0,163.0,159.0,155.0,157.0,158.0,216.0,155.0,154.0,251.0,155.0,153.0,156.0,166.0,146.0,151.0,150.0,170.0,158.0,151.0,145.0,147.0,146.0,164.0,146.0,150.0,152.0,147.0,148.0,149.0,169.0,149.0,168.0,146.0,150.0,167.0,146.0,150.0,140.0,169.0,139.0,142.0,137.0,297.0,365.0,201.0,144.0,142.0,145.0,149.0,141.0,143.0,145.0,148.0,149.0,149.0,165.0,143.0,139.0,141.0,141.0,148.0,139.0,161.0,161.0,138.0,140.0,142.0,139.0,142.0,145.0
video_recv_googJitterBufferMs_3341357061,0.0,134.0,137.0,135.0,178.0,176.0,165.0,159.0,155.0,146.0,153.0,162.0,174.0,171.0,164.0,161.0,158.0,157.0,153.0,151.0,148.0,147.0,143.0,143.0,145.0,148.0,149.0,148.0,147.0,148.0,148.0,143.0,143.0,151.0,151.0,154.0,154.0,154.0,152.0,147.0,148.0,149.0,143.0,138.0,134.0,136.0,137.0,137.0,136.0,140.0,139.0,138.0,142.0,149.0,153.0,153.0,153.0,151.0,153.0,153.0,150.0,149.0,148.0,149.0,150.0,150.0,156.0,172.0,176.0,176.0,175.0,173.0,172.0,171.0,171.0,169.0,166.0,168.0,168.0,169.0,168.0,167.0,166.0,166.0,163.0,162.0,161.0,159.0,158.0,155.0,154.0,152.0,149.0,147.0
video_recv_googPlisSent_3341357061,2.0,2.0,2.0,2.0,2.0,2.0,2.0,2.0,2.0,2.0,2.0,2.0,2.0,2.0,2.0,2.0,2.0,2.0,2.0,2.0,2.0,2.0,2.0,2.0,2.0,2.0,2.0,2.0,2.0,2.0,2.0,2.0,2.0,2.0,2.0,2.0,2.0,2.0,2.0,2.0,2.0,2.0,2.0,2.0,2.0,2.0,2.0,2.0,2.0,2.0,2.0,2.0,2.0,2.0,2.0,2.0,2.0,2.0,2.0,2.0,2.0,2.0,2.0,2.0,2.0,2.0,2.0,2.0,2.0,2.0,2.0,2.0,2.0,2.0,2.0,2.0,2.0,2.0,2.0,2.0,2.0,2.0,2.0,2.0,2.0,2.0,2.0,2.0,2.0,2.0,2.0,2.0,2.0,2.0
video_send_resolutionChangesInput_947993922,1,1,1,1,1,1,1,1,1,1,1,1,1,1,1,1,1,1,1,1,1,1,1,1,1,1,1,1,1,1,1,1,1,1,1,1,1,1,1,1,1,1,1,1,1,1,1,1,1,1,1,1,1,1,1,1,1,1,1,1,1,1,1,1,1,1,1,1,1,1,1,1,1,1,1,1,1,1,1,1,1,1,1,1,1,1,1,1,1,1,1,1,1,1
video_send_resolutionChangesSent_947993922,3,3,3,3,3,3,3,3,3,3,3,3,3,3,3,3,3,3,3,3,3,3,3,3,3,3,3,3,3,3,3,3,3,3,3,3,3,3,3,3,3,3,3,3,3,3,3,3,3,3,3,3,3,3,3,3,3,3,3,3,3,3,3,3,3,3,3,3,3,3,3,3,3,3,3,3,3,3,3,3,3,3,3,3,3,3,3,3,3,3,3,3,3,3
video_recv_resolutionChangesReceived_680075033,1,2,2,2,2,2,2,2,2,2,2,2,2,2,2,2,2,2,2,2,2,2,2,2,2,2,2,2,2,2,2,2,2,2,2,2,2,2,2,2,2,2,2,2,2,2,2,2,2,2,2,2,2,2,2,2,2,2,2,2,2,2,2,2,2,2,2,2,2,2,2,2,2,2,2,2,2,2,2,2,2,2,2,2,2,2,2,2,2,2,2,2,2,2
video_recv_resolutionChangesReceived_3341357061,1,1,1,1,1,1,1,1,1,1,1,1,1,1,1,1,1,1,1,1,1,1,1,1,1,1,1,1,1,1,1,1,1,1,1,1,1,1,1,1,1,1,1,1,1,1,1,1,1,1,1,1,1,1,1,1,1,1,1,1,1,1,1,1,1,1,1,1,1,1,1,1,1,1,1,1,1,1,1,1,1,1,1,1,1,1,1,1,1,1,1,1,1,1
1_way_delay_audio_send_947993922_0,13.5,13.0,13.0,13.0,13.0,13.0,13.0,12.5,13.5,13.5,13.5,13.0,13.0,12.5,13.0,13.0,13.0,14.0,13.5,13.5,13.5,13.5,13.5,13.5,13.5,13.0,13.0,13.0,13.0,13.5,13.0,13.0,13.5,13.5,13.5,13.5,13.0,13.0,13.5,13.5,13.5,14.0,13.0,13.0,13.5,13.5,13.5,13.0,13.0,13.5,13.5,13.0,13.0,13.0,13.5,13.5,13.0,13.5,14.5,13.0,13.0,13.0,14.5,13.5,14.5,13.5,13.5,13.5,13.0,13.0,13.0,13.0,13.5,13.5,13.5,13.5,13.5,13.0,13.0,13.5,13.5,13.5,13.5,13.0,13.0,13.0,13.0,15.0,14.0,13.5,14.5,14.0,13.5,13.5
1_way_delay_video_send_947993922_0,13.0,13.0,13.0,13.0,13.0,13.0,13.0,13.0,12.5,12.5,12.5,12.5,12.5,12.5,12.5,12.5,12.5,12.5,12.5,12.5,12.5,12.5,12.5,12.5,12.5,12.5,12.5,12.5,12.5,12.5,12.5,12.5,12.5,12.5,12.5,12.5,12.5,12.5,12.5,12.5,12.5,12.5,12.5,12.5,12.5,12.5,12.5,12.5,12.5,12.5,12.5,12.5,12.5,12.5,12.5,12.5,12.5,12.5,12.5,13.0,13.0,13.0,13.0,13.0,13.0,13.0,13.0,13.0,13.0,13.0,13.0,13.0,13.0,13.0,13.0,13.0,13.0,13.0,13.0,13.0,13.0,13.0,13.0,13.0,13.0,13.0,13.0,13.0,13.0,13.0,13.0,13.0,13.0,13.0
ear_ear_delay_audio_send_947993922_0,13.5,43.0,55.0,55.0,18.0,55.0,55.0,54.5,53.5,44.5,55.5,55.0,55.0,162.5,200.0,450.0,645.0,951.0,983.5,1483.5,1793.5,2093.5,2418.5,2078.5,1733.5,1318.0,1650.0,1943.0,1584.0,1097.5,676.0,713.0,1050.5,1137.5,713.5,525.5,142.0,103.0,105.5,86.5,117.5,94.0,103.0,103.0,93.5,15.5,116.5,15.0,103.0,95.5,123.5,103.0,74.0,15.0,53.5,75.5,63.0,73.5,16.5,73.0,77.0,143.0,64.5,123.5,64.5,113.5,15.5,103.5,83.0,95.0,83.0,113.0,63.5,63.5,123.5,85.5,63.5,134.0,77.0,74.5,133.5,83.5,76.5,75.0,63.0,78.0,15.0,98.0,114.0,63.5,134.5,75.0,19.5,15.5
audio_packet_loss_percentage_send_947993922_0,0.0,0.0,0.0,0.0,0.0,0.0,0.0,0.0,0.0,0.0,0.0,0.0,0.0,0.0,0.0,0.0,0.0,0.0,0.0,0.0,0.0,0.0,0.0,0.0,0.0,0.0,0.0,0.0,0.0,0.0,0.0,0.0,0.0,0.0,0.0,0.0,0.0,0.0,0.0,0.0,0.0,0.0,0.0,0.0,0.0,0.0,0.0,0.0,0.0,0.0,0.0,0.0,0.0,0.0,0.0,0.0,0.0,0.0,0.0,0.0,0.0,0.0,0.0,0.0,0.0,0.0,0.0,0.0,0.0,0.0,0.0,0.0,0.0,0.0,0.0,0.0,0.0,0.0,0.0,0.0,0.0,0.0,0.0,0.0,0.0,0.0,0.0,0.0,0.0,0.0,0.0,0.0,0.0
e_model_audio_send_947993922_0,93.876,93.168,92.88000000000001,92.88000000000001,93.768,92.88000000000001,92.88000000000001,92.892,92.916,93.132,92.86800000000001,92.88000000000001,92.88000000000001,90.3,86.903,53.403000000000006,27.27300000000001,0,0,0,0,0,0,0,0,0,0,0,0,0,23.119,18.160999999999987,0,0,18.093999999999994,43.286,90.792,91.72800000000001,91.668,92.12400000000001,91.38000000000001,91.944,91.72800000000001,91.72800000000001,91.956,93.828,91.404,93.84,91.72800000000001,91.908,91.236,91.72800000000001,92.424,93.84,92.916,92.388,92.688,92.436,93.804,92.44800000000001,92.352,90.768,92.652,91.236,92.652,91.476,93.828,91.71600000000001,92.208,91.92,92.208,91.488,92.676,92.676,91.236,92.148,92.676,90.98400000000001,92.352,92.412,90.99600000000001,92.196,92.364,92.4,92.688,92.328,93.84,91.848,91.464,92.676,90.97200000000001,92.4,93.732
kpi_audio_synchronization_947993922_0,4.421986386242368,4.408665544216576,4.403006096896001,4.403006096896001,4.420009193714176,4.403006096896001,4.403006096896001,4.403244664705984,4.403721082500928,4.407965681708224,4.402767289907777,4.403006096896001,4.403006096896001,4.346280511000001,4.255946047225711,2.754192271707211,1.5001607551120815,1.0,1.0,1.0,1.0,1.0,1.0,1.0,1.0,1.0,1.0,1.0,1.0,1.0,1.350295917760887,1.200344280169033,1.0,1.0,1.198555054497912,2.2277890119764083,4.357917529168385,4.379000673857536,4.377691202272576,4.387497165341633,4.371325215496,4.383666638797312,4.379000673857536,4.379000673857536,4.383923644564288,4.4211100828831364,4.371860790569152,4.421329526272,4.379000673857536,4.382894220682816,4.3680924564542085,4.379000673857536,4.393763952312832,4.421329526272,4.403721082500928,4.393019717394496,4.399156533047297,4.394011557875008,4.420670461442753,4.394258926944256,4.392273356652544,4.357358664626177,4.398427947377344,4.3680924564542085,4.398427947377344,4.373461987432768,4.4211100828831364,4.378739243672128,4.389266694639616,4.3831519267840005,4.389266694639616,4.373728046596097,4.398913909077568,4.398913909077568,4.3680924564542085,4.3880039192594555,4.398913909077568,4.362355773532673,4.392273356652544,4.393516110330304,4.362631231344448,4.389014609501248,4.3925223796481925,4.393268032,4.399156533047297,4.391774602779137,4.421329526272,4.381602192134657,4.3731956975825925,4.398913909077568,4.362080088009664,4.393268032,4.419345725045825
eye_eye_delay_video_send_947993922_0,13.0,41.0,58.0,61.0,68.0,73.0,77.0,77.0,78.5,79.5,79.5,80.5,82.5,82.5,83.5,83.5,84.5,83.5,84.5,85.5,86.5,85.5,85.5,87.5,87.5,87.5,89.5,88.5,89.5,89.5,89.5,90.5,89.5,89.5,89.5,88.5,89.5,88.5,88.5,89.5,88.5,89.5,89.5,88.5,89.5,88.5,89.5,89.5,89.5,89.5,90.5,90.5,91.5,89.5,91.5,91.5,91.5,90.5,90.5,91.0,91.0,90.0,91.0,90.0,91.0,90.0,91.0,91.0,91.0,91.0,92.0,91.0,93.0,92.0,93.0,93.0,93.0,92.0,93.0,92.0,93.0,93.0,93.0,92.0,93.0,93.0,93.0,93.0,94.0,93.0,93.0,92.0,93.0,92.0
kpi_video_synchronization_947993922_0,5,5,5,5,5,5,5,5,5,5,5,5,5,5,5,5,5,5,5,5,5,5,5,5,5,5,5,5,5,5,5,5,5,5,5,5,5,5,5,5,5,5,5,5,5,5,5,5,5,5,5,5,5,5,5,5,5,5,5,5,5,5,5,5,5,5,5,5,5,5,5,5,5,5,5,5,5,5,5,5,5,5,5,5,5,5,5,5,5,5,5,5,5,5
av_delay_send_947993922_0,0.5,2.0,-3.0,-6.0,-50.0,-18.0,-22.0,-22.5,-25.0,-35.0,-24.0,-25.5,-27.5,80.0,116.5,366.5,560.5,867.5,899.0,1398.0,1707.0,2008.0,2333.0,1991.0,1646.0,1230.5,1560.5,1854.5,1494.5,1008.0,586.5,622.5,961.0,1048.0,624.0,437.0,52.5,14.5,17.0,-3.0,29.0,4.5,13.5,14.5,4.0,-73.0,27.0,-74.5,13.5,6.0,33.0,12.5,-17.5,-74.5,-38.0,-16.0,-28.5,-17.0,-74.0,-18.0,-14.0,53.0,-26.5,33.5,-26.5,23.5,-75.5,12.5,-8.0,4.0,-9.0,22.0,-29.5,-28.5,30.5,-7.5,-29.5,42.0,-16.0,-17.5,40.5,-9.5,-16.5,-17.0,-30.0,-15.0,-78.0,5.0,20.0,-29.5,41.5,-17.0,-73.5,-76.5
kpi_av_synchronization_947993922_0,5,5,5,5,5,5,5,5,5,5,5,5,5,2.2,1,1,1,1,1,1,1,1,1,1,1,1,1,1,1,1,1,1,1,1,1,1,4.4,5,5,5,5,5,5,5,5,5,5,5,5,5,5,5,5,5,5,5,5,5,5,5,5,4.36,5,5,5,5,5,5,5,5,5,5,5,5,5,5,5,5,5,5,5,5,5,5,5,5,5,5,5,5,5,5,5,5
1_way_delay_audio_send_947993922_1,13.5,13.0,13.0,13.0,13.0,13.0,13.0,12.5,13.5,13.5,13.5,13.0,13.0,12.5,13.0,13.0,13.0,14.0,13.5,13.5,13.5,13.5,13.5,13.5,13.5,13.0,13.0,13.0,13.0,13.5,13.0,13.0,13.5,13.5,13.5,13.5,13.0,13.0,13.5,13.5,13.5,14.0,13.0,13.0,13.5,13.5,13.5,13.0,13.0,13.5,13.5,13.0,13.0,13.0,13.5,13.5,13.0,13.5,14.5,13.0,13.0,13.0,14.5,13.5,14.5,13.5,13.5,13.5,13.0,13.0,13.0,13.0,13.5,13.5,13.5,13.5,13.5,13.0,13.0,13.5,13.5,13.5,13.5,13.0,13.0,13.0,13.0,15.0,14.0,13.5,14.5,14.0,13.5,13.5
1_way_delay_video_send_947993922_1,13.0,13.0,13.0,13.0,13.0,13.0,13.0,13.0,12.5,12.5,12.5,12.5,12.5,12.5,12.5,12.5,12.5,12.5,12.5,12.5,12.5,12.5,12.5,12.5,12.5,12.5,12.5,12.5,12.5,12.5,12.5,12.5,12.5,12.5,12.5,12.5,12.5,12.5,12.5,12.5,12.5,12.5,12.5,12.5,12.5,12.5,12.5,12.5,12.5,12.5,12.5,12.5,12.5,12.5,12.5,12.5,12.5,12.5,12.5,13.0,13.0,13.0,13.0,13.0,13.0,13.0,13.0,13.0,13.0,13.0,13.0,13.0,13.0,13.0,13.0,13.0,13.0,13.0,13.0,13.0,13.0,13.0,13.0,13.0,13.0,13.0,13.0,13.0,13.0,13.0,13.0,13.0,13.0,13.0
ear_ear_delay_audio_send_947993922_1,13.5,14.0,15.0,15.0,18.0,15.0,15.0,14.5,17.5,16.5,15.5,35.0,15.0,42.5,23.0,25.0,15.0,26.0,15.5,53.5,45.5,25.5,25.5,15.5,15.5,15.0,23.0,34.0,14.0,26.5,14.0,18.0,25.5,25.5,14.5,63.5,19.0,15.0,14.5,14.5,16.5,20.0,15.0,16.0,15.5,13.5,21.5,19.0,18.0,15.5,16.5,20.0,14.0,15.0,23.5,15.5,20.0,15.5,16.5,14.0,18.0,20.0,54.5,14.5,19.5,53.5,43.5,19.5,15.0,17.0,17.0,23.0,21.5,22.5,16.5,17.5,15.5,14.0,20.0,15.5,18.5,17.5,16.5,16.0,27.0,21.0,23.0,18.0,15.0,18.5,16.5,18.0,20.5,27.5
audio_packet_loss_percentage_send_947993922_1,0.0,0.0,0.0,0.0,0.0,0.0,0.0,0.0,0.0,0.0,0.0,0.0,0.0,0.0,0.0,0.0,0.0,0.0,0.0,0.0,0.0,0.0,0.0,0.0,0.0,0.0,0.0,0.0,0.0,0.0,0.0,0.0,0.0,0.0,0.0,0.0,0.0,0.0,0.0,0.0,0.0,0.0,0.0,0.0,0.0,0.0,0.0,0.0,0.0,0.0,0.0,0.0,0.0,0.0,0.0,0.0,0.0,0.0,0.0,0.0,0.0,0.0,0.0,0.0,0.0,0.0,0.0,0.0,0.0,0.0,0.0,0.0,0.0,0.0,0.0,0.0,0.0,0.0,0.0,0.0,0.0,0.0,0.0,0.0,0.0,0.0,0.0,0.0,0.0,0.0,0.0,0.0,0.0
e_model_audio_send_947993922_1,93.876,93.864,93.84,93.84,93.768,93.84,93.84,93.852,93.78,93.804,93.828,93.36,93.84,93.18,93.648,93.60000000000001,93.84,93.57600000000001,93.828,92.916,93.108,93.58800000000001,93.58800000000001,93.828,93.828,93.84,93.648,93.384,93.864,93.56400000000001,93.864,93.768,93.58800000000001,93.58800000000001,93.852,92.676,93.744,93.84,93.852,93.852,93.804,93.72,93.84,93.816,93.828,93.876,93.684,93.744,93.768,93.828,93.804,93.72,93.864,93.84,93.636,93.828,93.72,93.828,93.804,93.864,93.768,93.72,92.892,93.852,93.732,92.916,93.156,93.732,93.84,93.792,93.792,93.648,93.684,93.66,93.804,93.78,93.828,93.864,93.72,93.828,93.756,93.78,93.804,93.816,93.552,93.696,93.648,93.768,93.84,93.756,93.804,93.768,93.708
kpi_audio_synchronization_947993922_1,4.421986386242368,4.4217676780241915,4.421329526272,4.421329526272,4.420009193714176,4.421329526272,4.421329526272,4.421548724676544,4.420229860936,4.420670461442753,4.4211100828831364,4.412361476608,4.421329526272,4.408898349976,4.4177890832834565,4.416894208,4.421329526272,4.416445308871168,4.4211100828831364,4.403721082500928,4.407497903070015,4.4166698801656965,4.4166698801656965,4.4211100828831364,4.4211100828831364,4.421329526272,4.4177890832834565,4.412819116790272,4.4217676780241915,4.416220494188992,4.4217676780241915,4.420009193714176,4.4166698801656965,4.4166698801656965,4.421548724676544,4.398913909077568,4.4195671256965126,4.421329526272,4.421548724676544,4.421548724676544,4.420670461442753,4.419124080064001,4.421329526272,4.420890394582528,4.4211100828831364,4.421986386242368,4.418457679857473,4.4195671256965126,4.420009193714176,4.4211100828831364,4.420670461442753,4.419124080064001,4.4217676780241915,4.421329526272,4.417565730015808,4.4211100828831364,4.419124080064001,4.4211100828831364,4.420670461442753,4.4217676780241915,4.420009193714176,4.419124080064001,4.403244664705984,4.421548724676544,4.419345725045825,4.403721082500928,4.408432497537088,4.419345725045825,4.421329526272,4.420450283536384,4.420450283536384,4.4177890832834565,4.418457679857473,4.418012192728001,4.420670461442753,4.420229860936,4.4211100828831364,4.4217676780241915,4.419124080064001,4.4211100828831364,4.419788281943489,4.420229860936,4.420670461442753,4.420890394582528,4.415995436191745,4.418680057397249,4.4177890832834565,4.420009193714176,4.421329526272,4.419788281943489,4.420670461442753,4.420009193714176,4.418902190823617
eye_eye_delay_video_send_947993922_1,13.0,24.0,25.0,24.0,25.0,24.0,24.0,25.0,23.5,23.5,24.5,24.5,24.5,24.5,24.5,24.5,24.5,24.5,24.5,24.5,24.5,24.5,24.5,24.5,24.5,24.5,24.5,24.5,24.5,24.5,24.5,24.5,24.5,24.5,24.5,24.5,24.5,24.5,24.5,24.5,24.5,24.5,24.5,24.5,24.5,24.5,24.5,24.5,24.5,24.5,24.5,25.5,25.5,25.5,25.5,25.5,25.5,26.5,26.5,27.0,27.0,27.0,26.0,26.0,26.0,26.0,26.0,26.0,26.0,26.0,26.0,26.0,26.0,26.0,26.0,26.0,26.0,26.0,26.0,26.0,26.0,26.0,26.0,26.0,26.0,26.0,26.0,26.0,26.0,26.0,26.0,26.0,26.0,26.0
kpi_video_synchronization_947993922_1,5,5,5,5,5,5,5,5,5,5,5,5,5,5,5,5,5,5,5,5,5,5,5,5,5,5,5,5,5,5,5,5,5,5,5,5,5,5,5,5,5,5,5,5,5,5,5,5,5,5,5,5,5,5,5,5,5,5,5,5,5,5,5,5,5,5,5,5,5,5,5,5,5,5,5,5,5,5,5,5,5,5,5,5,5,5,5,5,5,5,5,5,5,5
av_delay_send_947993922_1,0.5,-10.0,-10.0,-9.0,-7.0,-9.0,-9.0,-10.5,-6.0,-7.0,-9.0,10.5,-9.5,18.0,-1.5,0.5,-9.5,1.5,-9.0,29.0,21.0,1.0,1.0,-9.0,-9.0,-9.5,-1.5,9.5,-10.5,2.0,-10.5,-6.5,1.0,1.0,-10.0,39.0,-5.5,-9.5,-10.0,-10.0,-8.0,-4.5,-9.5,-8.5,-9.0,-11.0,-3.0,-5.5,-6.5,-9.0,-8.0,-5.5,-11.5,-10.5,-2.0,-10.0,-5.5,-11.0,-10.0,-13.0,-9.0,-7.0,28.5,-11.5,-6.5,27.5,17.5,-6.5,-11.0,-9.0,-9.0,-3.0,-4.5,-3.5,-9.5,-8.5,-10.5,-12.0,-6.0,-10.5,-7.5,-8.5,-9.5,-10.0,1.0,-5.0,-3.0,-8.0,-11.0,-7.5,-9.5,-8.0,-5.5,1.5
kpi_av_synchronization_947993922_1,5,5,5,5,5,5,5,5,5,5,5,5,5,5,5,5,5,5,5,5,5,5,5,5,5,5,5,5,5,5,5,5,5,5,5,5,5,5,5,5,5,5,5,5,5,5,5,5,5,5,5,5,5,5,5,5,5,5,5,5,5,5,5,5,5,5,5,5,5,5,5,5,5,5,5,5,5,5,5,5,5,5,5,5,5,5,5,5,5,5,5,5,5,5
audio_recv_kbitsReceivedPerSecond_1113812672,0,9,4,6,6,4,3,5,5,4,6,4,4,5,8,2,6,2,3,8,10,8,9,8,8,8,8,8,7,8,8,8,8,8,8,8,8,8,8,8,8,8,8,8,8,8,6,5,5,5,5,18,3,9,11,8,11,7,6,5,6,10,22,25,23,24,10,11,11,9,9,11,8,10,11,10,8,11,8,9,7,5,7,7,6,9,7,10,9,6,9,6,5,6
kpi_q_audio_1113812672,1,2,1,1,1,1,1,1,1,1,1,1,1,1,1,1,1,1,1,1,2,1,1,1,1,1,1,1,1,1,1,1,1,1,1,1,1,1,1,1,1,1,1,1,1,1,1,1,1,1,1,3,1,1,2,1,2,1,1,1,1,2,3,4,3,4,2,2,2,1,1,2,1,2,2,2,1,2,1,1,1,1,1,1,1,1,1,2,2,1,1,1,1,1
video_recv_kbitsReceivedPerSecond_680075033,0,168,226,226,239,199,188,194,195,187,160,176,144,149,142,166,158,151,139,119,134,160,138,139,152,156,171,196,182,164,127,136,124,128,138,154,134,138,138,148,154,177,139,151,136,138,145,163,142,138,121,126,140,151,119,123,126,137,152,161,167,190,180,195,156,176,167,185,184,179,177,196,167,188,159,171,145,144,109,116,110,121,132,151,156,178,158,159,181,184,189,200,181,201
kpi_resolution_stability_680075033,4.184696535557452,4.184696535557452,4.184696535557452,4.184696535557452,4.184696535557452,4.184696535557452,4.184696535557452,4.184696535557452,4.184696535557452,4.184696535557452,4.184696535557452,4.184696535557452,4.184696535557452,4.184696535557452,4.184696535557452,4.184696535557452,4.184696535557452,4.184696535557452,4.184696535557452,4.184696535557452,4.184696535557452,4.184696535557452,4.184696535557452,4.184696535557452,4.184696535557452,4.184696535557452,4.184696535557452,4.184696535557452,4.184696535557452,4.184696535557452,4.184696535557452,4.184696535557452,4.184696535557452,4.184696535557452,4.184696535557452,4.184696535557452,4.184696535557452,4.184696535557452,4.184696535557452,4.184696535557452,4.184696535557452,4.184696535557452,4.184696535557452,4.184696535557452,4.184696535557452,4.184696535557452,4.184696535557452,4.184696535557452,4.184696535557452,4.184696535557452,4.184696535557452,4.184696535557452,4.184696535557452,4.184696535557452,4.184696535557452,4.184696535557452,4.184696535557452,4.184696535557452,4.184696535557452,4.184696535557452,4.184696535557452,4.184696535557452,4.184696535557452,4.184696535557452,4.184696535557452,4.184696535557452,4.184696535557452,4.184696535557452,4.184696535557452,4.184696535557452,4.184696535557452,4.184696535557452,4.184696535557452,4.184696535557452,4.184696535557452,4.184696535557452,4.184696535557452,4.184696535557452,4.184696535557452,4.184696535557452,4.184696535557452,4.184696535557452,4.184696535557452,4.184696535557452,4.184696535557452,4.184696535557452,4.184696535557452,4.184696535557452,4.184696535557452,4.184696535557452,4.184696535557452,4.184696535557452,4.184696535557452,4.184696535557452
max_resolution_percentage_680075033,98.93617021276596,98.93617021276596,98.93617021276596,98.93617021276596,98.93617021276596,98.93617021276596,98.93617021276596,98.93617021276596,98.93617021276596,98.93617021276596,98.93617021276596,98.93617021276596,98.93617021276596,98.93617021276596,98.93617021276596,98.93617021276596,98.93617021276596,98.93617021276596,98.93617021276596,98.93617021276596,98.93617021276596,98.93617021276596,98.93617021276596,98.93617021276596,98.93617021276596,98.93617021276596,98.93617021276596,98.93617021276596,98.93617021276596,98.93617021276596,98.93617021276596,98.93617021276596,98.93617021276596,98.93617021276596,98.93617021276596,98.93617021276596,98.93617021276596,98.93617021276596,98.93617021276596,98.93617021276596,98.93617021276596,98.93617021276596,98.93617021276596,98.93617021276596,98.93617021276596,98.93617021276596,98.93617021276596,98.93617021276596,98.93617021276596,98.93617021276596,98.93617021276596,98.93617021276596,98.93617021276596,98.93617021276596,98.93617021276596,98.93617021276596,98.93617021276596,98.93617021276596,98.93617021276596,98.93617021276596,98.93617021276596,98.93617021276596,98.93617021276596,98.93617021276596,98.93617021276596,98.93617021276596,98.93617021276596,98.93617021276596,98.93617021276596,98.93617021276596,98.93617021276596,98.93617021276596,98.93617021276596,98.93617021276596,98.93617021276596,98.93617021276596,98.93617021276596,98.93617021276596,98.93617021276596,98.93617021276596,98.93617021276596,98.93617021276596,98.93617021276596,98.93617021276596,98.93617021276596,98.93617021276596,98.93617021276596,98.93617021276596,98.93617021276596,98.93617021276596,98.93617021276596,98.93617021276596,98.93617021276596,98.93617021276596
kpi_resolution_stability_norm_680075033,kpi_resolution_stability_680075033,4.184696535557452,4.184696535557452,4.184696535557452,4.184696535557452,4.184696535557452,4.184696535557452,4.184696535557452,4.184696535557452,4.184696535557452,4.184696535557452,4.184696535557452,4.184696535557452,4.184696535557452,4.184696535557452,4.184696535557452,4.184696535557452,4.184696535557452,4.184696535557452,4.184696535557452,4.184696535557452,4.184696535557452,4.184696535557452,4.184696535557452,4.184696535557452,4.184696535557452,4.184696535557452,4.184696535557452,4.184696535557452,4.184696535557452,4.184696535557452,4.184696535557452,4.184696535557452,4.184696535557452,4.184696535557452,4.184696535557452,4.184696535557452,4.184696535557452,4.184696535557452,4.184696535557452,4.184696535557452,4.184696535557452,4.184696535557452,4.184696535557452,4.184696535557452,4.184696535557452,4.184696535557452,4.184696535557452,4.184696535557452,4.184696535557452,4.184696535557452,4.184696535557452,4.184696535557452,4.184696535557452,4.184696535557452,4.184696535557452,4.184696535557452,4.184696535557452,4.184696535557452,4.184696535557452,4.184696535557452,4.184696535557452,4.184696535557452,4.184696535557452,4.184696535557452,4.184696535557452,4.184696535557452,4.184696535557452,4.184696535557452,4.184696535557452,4.184696535557452,4.184696535557452,4.184696535557452,4.184696535557452,4.184696535557452,4.184696535557452,4.184696535557452,4.184696535557452,4.184696535557452,4.184696535557452,4.184696535557452,4.184696535557452,4.184696535557452,4.184696535557452,4.184696535557452,4.184696535557452,4.184696535557452,4.184696535557452,4.184696535557452,4.184696535557452,4.184696535557452,4.184696535557452,4.184696535557452,4.184696535557452,4.184696535557452
max_resolution_percentage_norm_680075033,max_resolution_percentage_680075033,98.93617021276596,98.93617021276596,98.93617021276596,98.93617021276596,98.93617021276596,98.93617021276596,98.93617021276596,98.93617021276596,98.93617021276596,98.93617021276596,98.93617021276596,98.93617021276596,98.93617021276596,98.93617021276596,98.93617021276596,98.93617021276596,98.93617021276596,98.93617021276596,98.93617021276596,98.93617021276596,98.93617021276596,98.93617021276596,98.93617021276596,98.93617021276596,98.93617021276596,98.93617021276596,98.93617021276596,98.93617021276596,98.93617021276596,98.93617021276596,98.93617021276596,98.93617021276596,98.93617021276596,98.93617021276596,98.93617021276596,98.93617021276596,98.93617021276596,98.93617021276596,98.93617021276596,98.93617021276596,98.93617021276596,98.93617021276596,98.93617021276596,98.93617021276596,98.93617021276596,98.93617021276596,98.93617021276596,98.93617021276596,98.93617021276596,98.93617021276596,98.93617021276596,98.93617021276596,98.93617021276596,98.93617021276596,98.93617021276596,98.93617021276596,98.93617021276596,98.93617021276596,98.93617021276596,98.93617021276596,98.93617021276596,98.93617021276596,98.93617021276596,98.93617021276596,98.93617021276596,98.93617021276596,98.93617021276596,98.93617021276596,98.93617021276596,98.93617021276596,98.93617021276596,98.93617021276596,98.93617021276596,98.93617021276596,98.93617021276596,98.93617021276596,98.93617021276596,98.93617021276596,98.93617021276596,98.93617021276596,98.93617021276596,98.93617021276596,98.93617021276596,98.93617021276596,98.93617021276596,98.93617021276596,98.93617021276596,98.93617021276596,98.93617021276596,98.93617021276596,98.93617021276596,98.93617021276596,98.93617021276596,98.93617021276596
kpi_fps_stability_680075033,1,5,5,5,5,5,5,5,5,5,5,5,5,5,5,5,5,5,5,5,5,5,5,5,5,5,5,5,5,5,5,5,5,5,5,5,5,5,5,5,5,5,5,5,5,5,5,5,5,5,5,5,5,5,5,5,5,5,5,5,5,5,5,5,5,5,5,5,5,5,5,5,5,5,5,5,5,5,5,5,5,5,5,5,5,5,5,5,5,5,5,5,5,5
kpi_q_video_680075033,1.5714285714285714,1.9,1.9,1.95,1.7428571428571429,1.6857142857142855,1.7428571428571429,1.7428571428571429,1.6857142857142855,1.5714285714285714,1.6285714285714286,1.457142857142857,1.5142857142857142,1.457142857142857,1.5714285714285714,1.5142857142857142,1.5142857142857142,1.457142857142857,1.4,1.5714285714285714,1.4,1.457142857142857,1.5142857142857142,1.5142857142857142,1.6285714285714286,1.7428571428571429,1.6857142857142855,1.5714285714285714,1.4,1.4,1.5142857142857142,1.4,1.4,1.4,1.457142857142857,1.5142857142857142,1.6285714285714286,1.457142857142857,1.5142857142857142,1.4,1.4,1.457142857142857,1.5714285714285714,1.457142857142857,1.4,1.457142857142857,1.5142857142857142,1.4,1.5142857142857142,1.5714285714285714,1.5714285714285714,1.7428571428571429,1.6857142857142855,1.7428571428571429,1.5142857142857142,1.6285714285714286,1.5714285714285714,1.6857142857142855,1.6857142857142855,1.6285714285714286,1.6285714285714286,1.7428571428571429,1.5714285714285714,1.6857142857142855,1.5714285714285714,1.6285714285714286,1.457142857142857,1.457142857142857,1.4,1.5142857142857142,1.5142857142857142,1.6285714285714286,1.5142857142857142,1.5714285714285714,1.6857142857142855,1.6857142857142855,1.6857142857142855,1.8,1.6857142857142855,1.8
audio_recv_kbitsReceivedPerSecond_1229306861,0,20,22,24,23,23,12,23,20,10,15,22,9,17,18,21,11,21,12,8,20,22,23,22,24,23,23,23,23,23,23,23,22,23,24,11,22,23,23,21,22,20,20,22,21,22,20,23,21,24,21,22,21,21,20,20,24,22,21,21,21,21,13,11,11,8,11,13,12,16,12,17,14,10,13,14,14,14,17,23,23,22,23,24,23,24,22,23,23,23,22,23,21,21
kpi_q_audio_1229306861,1,3,3,4,3,3,2,3,3,2,2,3,2,3,3,3,2,3,2,1,3,3,3,3,4,3,3,3,3,3,3,3,3,3,4,2,3,3,3,3,3,3,3,3,3,3,3,3,3,4,3,3,3,3,3,3,4,3,3,3,3,3,2,2,2,1,2,2,2,3,2,3,2,2,2,2,2,2,3,3,3,3,3,4,3,4,3,3,3,3,3,3,3,3
video_recv_kbitsReceivedPerSecond_3341357061,0,142,166,159,57,51,65,71,82,92,104,114,123,132,138,148,163,176,190,180,186,193,214,207,219,196,200,208,218,202,203,216,215,186,214,191,223,206,205,210,217,212,208,218,228,230,211,221,239,145,182,149,122,123,99,144,84,96,104,85,87,87,103,101,106,78,40,48,50,50,55,62,74,82,86,97,91,81,78,64,75,80,84,98,104,119,130,146,164,184,197,187,206,169
kpi_resolution_stability_3341357061,4.303535113616246,4.303535113616246,4.303535113616246,4.303535113616246,4.303535113616246,4.303535113616246,4.303535113616246,4.303535113616246,4.303535113616246,4.303535113616246,4.303535113616246,4.303535113616246,4.303535113616246,4.303535113616246,4.303535113616246,4.303535113616246,4.303535113616246,4.303535113616246,4.303535113616246,4.303535113616246,4.303535113616246,4.303535113616246,4.303535113616246,4.303535113616246,4.303535113616246,4.303535113616246,4.303535113616246,4.303535113616246,4.303535113616246,4.303535113616246,4.303535113616246,4.303535113616246,4.303535113616246,4.303535113616246,4.303535113616246,4.303535113616246,4.303535113616246,4.303535113616246,4.303535113616246,4.303535113616246,4.303535113616246,4.303535113616246,4.303535113616246,4.303535113616246,4.303535113616246,4.303535113616246,4.303535113616246,4.303535113616246,4.303535113616246,4.303535113616246,4.303535113616246,4.303535113616246,4.303535113616246,4.303535113616246,4.303535113616246,4.303535113616246,4.303535113616246,4.303535113616246,4.303535113616246,4.303535113616246,4.303535113616246,4.303535113616246,4.303535113616246,4.303535113616246,4.303535113616246,4.303535113616246,4.303535113616246,4.303535113616246,4.303535113616246,4.303535113616246,4.303535113616246,4.303535113616246,4.303535113616246,4.303535113616246,4.303535113616246,4.303535113616246,4.303535113616246,4.303535113616246,4.303535113616246,4.303535113616246,4.303535113616246,4.303535113616246,4.303535113616246,4.303535113616246,4.303535113616246,4.303535113616246,4.303535113616246,4.303535113616246,4.303535113616246,4.303535113616246,4.303535113616246,4.303535113616246,4.303535113616246,4.303535113616246
max_resolution_percentage_3341357061,100.0,100.0,100.0,100.0,100.0,100.0,100.0,100.0,100.0,100.0,100.0,100.0,100.0,100.0,100.0,100.0,100.0,100.0,100.0,100.0,100.0,100.0,100.0,100.0,100.0,100.0,100.0,100.0,100.0,100.0,100.0,100.0,100.0,100.0,100.0,100.0,100.0,100.0,100.0,100.0,100.0,100.0,100.0,100.0,100.0,100.0,100.0,100.0,100.0,100.0,100.0,100.0,100.0,100.0,100.0,100.0,100.0,100.0,100.0,100.0,100.0,100.0,100.0,100.0,100.0,100.0,100.0,100.0,100.0,100.0,100.0,100.0,100.0,100.0,100.0,100.0,100.0,100.0,100.0,100.0,100.0,100.0,100.0,100.0,100.0,100.0,100.0,100.0,100.0,100.0,100.0,100.0,100.0,100.0
kpi_resolution_stability_norm_3341357061,kpi_resolution_stability_3341357061,4.303535113616246,4.303535113616246,4.303535113616246,4.303535113616246,4.303535113616246,4.303535113616246,4.303535113616246,4.303535113616246,4.303535113616246,4.303535113616246,4.303535113616246,4.303535113616246,4.303535113616246,4.303535113616246,4.303535113616246,4.303535113616246,4.303535113616246,4.303535113616246,4.303535113616246,4.303535113616246,4.303535113616246,4.303535113616246,4.303535113616246,4.303535113616246,4.303535113616246,4.303535113616246,4.303535113616246,4.303535113616246,4.303535113616246,4.303535113616246,4.303535113616246,4.303535113616246,4.303535113616246,4.303535113616246,4.303535113616246,4.303535113616246,4.303535113616246,4.303535113616246,4.303535113616246,4.303535113616246,4.303535113616246,4.303535113616246,4.303535113616246,4.303535113616246,4.303535113616246,4.303535113616246,4.303535113616246,4.303535113616246,4.303535113616246,4.303535113616246,4.303535113616246,4.303535113616246,4.303535113616246,4.303535113616246,4.303535113616246,4.303535113616246,4.303535113616246,4.303535113616246,4.303535113616246,4.303535113616246,4.303535113616246,4.303535113616246,4.303535113616246,4.303535113616246,4.303535113616246,4.303535113616246,4.303535113616246,4.303535113616246,4.303535113616246,4.303535113616246,4.303535113616246,4.303535113616246,4.303535113616246,4.303535113616246,4.303535113616246,4.303535113616246,4.303535113616246,4.303535113616246,4.303535113616246,4.303535113616246,4.303535113616246,4.303535113616246,4.303535113616246,4.303535113616246,4.303535113616246,4.303535113616246,4.303535113616246,4.303535113616246,4.303535113616246,4.303535113616246,4.303535113616246,4.303535113616246,4.303535113616246,4.303535113616246
max_resolution_percentage_norm_3341357061,max_resolution_percentage_3341357061,100.0,100.0,100.0,100.0,100.0,100.0,100.0,100.0,100.0,100.0,100.0,100.0,100.0,100.0,100.0,100.0,100.0,100.0,100.0,100.0,100.0,100.0,100.0,100.0,100.0,100.0,100.0,100.0,100.0,100.0,100.0,100.0,100.0,100.0,100.0,100.0,100.0,100.0,100.0,100.0,100.0,100.0,100.0,100.0,100.0,100.0,100.0,100.0,100.0,100.0,100.0,100.0,100.0,100.0,100.0,100.0,100.0,100.0,100.0,100.0,100.0,100.0,100.0,100.0,100.0,100.0,100.0,100.0,100.0,100.0,100.0,100.0,100.0,100.0,100.0,100.0,100.0,100.0,100.0,100.0,100.0,100.0,100.0,100.0,100.0,100.0,100.0,100.0,100.0,100.0,100.0,100.0,100.0,100.0
kpi_fps_stability_3341357061,1,4.645444442750246,4.942427872760581,4.693231865584395,3.2486632634908497,4.542982187053405,4.59543356514211,4.738985153469177,4.487839843855012,4.738985153469177,4.303093943648576,3.4143814103323455,4.303093943648576,4.542982187053405,5,4.782870430458232,4.865606628121216,5,4.8250342659265355,4.693231865584395,5,4.738985153469177,4.8250342659265355,5,4.865606628121216,4.8250342659265355,5,4.865606628121216,4.645444442750246,4.487839843855012,5,5,4.8250342659265355,4.865606628121216,4.978873396874005,4.865606628121216,4.8250342659265355,5,4.978873396874005,5,4.865606628121216,4.693231865584395,5,4.978873396874005,4.978873396874005,4.978873396874005,4.904703300310673,5,5,4.942427872760581,4.865606628121216,5,4.542982187053405,4.542982187053405,5,4.942427872760581,4.978873396874005,4.942427872760581,4.865606628121216,5,5,4.978873396874005,4.978873396874005,4.942427872760581,4.942427872760581,5,3.5579329986594126,3.052660297075077,4.738985153469177,5,5,5,4.978873396874005,5,4.942427872760581,5,4.942427872760581,4.738985153469177,5,4.942427872760581,5,5,5,5,4.978873396874005,4.978873396874005,5,4.942427872760581,4.904703300310673,4.942427872760581,5,5,5,4.942427872760581
kpi_q_video_3341357061,1.457142857142857,1.5714285714285714,1.5714285714285714,1.4,1.4,1.457142857142857,1.5714285714285714,1.6285714285714286,1.7428571428571429,1.6857142857142855,1.6857142857142855,1.7428571428571429,1.8499999999999999,1.8,1.8499999999999999,1.7428571428571429,1.8,1.8,1.8499999999999999,1.8,1.8,1.8499999999999999,1.8499999999999999,1.6857142857142855,1.8499999999999999,1.7428571428571429,1.9,1.8,1.8,1.8499999999999999,1.8499999999999999,1.8499999999999999,1.8,1.8499999999999999,1.9,1.9,1.8499999999999999,1.9,1.95,1.457142857142857,1.6857142857142855,1.5142857142857142,1.457142857142857,1.4,1.457142857142857,1.5714285714285714,1.6857142857142855,1.7428571428571429,1.6857142857142855,1.8,1.6285714285714286
